***
CARRO: 
PISTA: 
PILOTO: 
TEMPERATURA AMBIENTE: 
ANTIROLL: 
PRESSAO PNEUS DIANTEIROS: 
PRESSAO PNEUS TASEIROS: 
ANGULO DE ATAQUE DA ASA: 
MAPA MOTOR: 
BALANCE BAR: 
DIFERENCIAL: 
TAXA DE AQUISICAO: 
COMENTARIOS: 
POSICAO MAXIMA DO VOLANTE: 
POSICAO MINIMA DO VOLANTE: 
SUSPENSAO: 
PACOTE1 60 acelX_DD acelY_DD acelZ_DD acelX_DE acelY_DE acelZ_DE acelX_TD acelY_TD acelZ_TD acelX_TE acelY_TE acelZ_TE velDE velDD velTE velTD rpm beacon time
PACOTE2 30 tps oleoP fuelP injectors suspDE suspDD suspTE suspTD volPos correnteBat correnteVent correnteBomba frontBrakeP rearBrakeP time2
PACOTE3 10 batVoltage ect oilTemp tempDiscoDE tempDiscoDD tempDiscoTE tempDiscoTD tempVent tempBomba runners releVent releBomba mata gpsLat gpsLong gpsNS gpsEW time3
PACOTE4 30 ext1 ext2 ext3 ext4 ext5 ext6 ext7 ext8 ext9 ext10 ext11 ext12 time4
***

2 0 45800 687 0 0 0 0 0 0 0 0 0 11450 5725 1504
4 0 32392 0 0 16769846 0 0 0 0 0 0 0 1504
1 8036 8036 8036 -8036 -8036 -8036 0 0 0 0 0 0 0 0 0 0 0 0 1505
1 7786 7786 7786 -7786 -7786 -7786 0 0 0 0 0 0 0 0 0 0 0 0 1506
2 0 46200 693 0 0 0 0 0 0 0 0 0 11550 5775 1506
4 0 16746072 0 0 16770354 0 0 0 0 0 0 0 1506
3 0 1155 0 0 0 0 0 0 0 0 0 1 1 0 0 78 69 1506
1 7536 7536 7536 -7536 -7536 -7536 0 0 0 0 0 0 0 0 0 0 0 0 1507
1 7286 7286 7286 -7286 -7286 -7286 0 0 0 0 0 0 0 0 0 0 0 0 1508
2 0 46600 699 0 0 0 0 0 0 0 0 0 11650 5825 1508
4 0 16748072 0 0 16770862 0 0 0 0 0 0 0 1508
1 7036 7036 7036 -7036 -7036 -7036 0 0 0 0 0 0 0 0 0 0 0 0 1509
1 6786 6786 6786 -6786 -6786 -6786 0 0 0 0 0 0 0 0 0 0 0 0 1510
2 0 47000 705 0 0 0 0 0 0 0 0 0 11750 5875 1510
4 0 16750072 0 0 16771370 0 0 0 0 0 0 0 1510
1 6536 6536 6536 -6536 -6536 -6536 0 0 0 0 0 0 0 0 0 0 0 0 1511
1 6286 6286 6286 -6286 -6286 -6286 0 0 0 0 0 0 0 0 0 0 0 0 1512
2 0 47400 711 0 0 0 0 0 0 0 0 0 11850 5925 1512
4 0 16752072 0 0 16771878 0 0 0 0 0 0 0 1512
3 0 1185 0 0 0 0 0 0 0 0 0 1 1 0 0 78 69 1512
1 6036 6036 6036 -6036 -6036 -6036 0 0 0 0 0 0 0 0 0 0 0 0 1513
1 5786 5786 5786 -5786 -5786 -5786 0 0 0 0 0 0 0 0 0 0 0 0 1514
2 0 47800 717 0 0 0 0 0 0 0 0 0 11950 5975 1514
4 0 16754072 0 0 16772386 0 0 0 0 0 0 0 1514
1 5536 5536 5536 -5536 -5536 -5536 0 0 0 0 0 0 0 0 0 0 0 0 1515
1 5286 5286 5286 -5286 -5286 -5286 0 0 0 0 0 0 0 0 0 0 0 0 1516
2 0 48200 723 0 0 0 0 0 0 0 0 0 12050 6025 1516
4 0 16756072 0 0 16772894 0 0 0 0 0 0 0 1516
1 5036 5036 5036 -5036 -5036 -5036 0 0 0 0 0 0 0 0 0 0 0 0 1517
1 4786 4786 4786 -4786 -4786 -4786 0 0 0 0 0 0 0 0 0 0 0 0 1518
2 0 48600 729 0 0 0 0 0 0 0 0 0 12150 6075 1518
4 0 16758072 0 0 16773402 0 0 0 0 0 0 0 1518
3 0 1215 0 0 0 0 0 0 0 0 0 1 1 0 0 78 69 1518
1 4536 4536 4536 -4536 -4536 -4536 0 0 0 0 0 0 0 0 0 0 0 0 1519
1 4286 4286 4286 -4286 -4286 -4286 0 0 0 0 0 0 0 0 0 0 0 0 1520
2 0 49000 735 0 0 0 0 0 0 0 0 0 12250 6125 1520
4 0 16760072 0 0 16773910 0 0 0 0 0 0 0 1520
1 4036 4036 4036 -4036 -4036 -4036 0 0 0 0 0 0 0 0 0 0 0 0 1521
1 3786 3786 3786 -3786 -3786 -3786 0 0 0 0 0 0 0 0 0 0 0 0 1522
2 0 49400 741 0 0 0 0 0 0 0 0 0 12350 6175 1522
4 0 16762072 0 0 16774418 0 0 0 0 0 0 0 1522
1 3536 3536 3536 -3536 -3536 -3536 0 0 0 0 0 0 0 0 0 0 0 0 1523
1 3286 3286 3286 -3286 -3286 -3286 0 0 0 0 0 0 0 0 0 0 0 0 1524
2 0 49800 747 0 0 0 0 0 0 0 0 0 12450 6225 1524
4 0 16764072 0 0 16774926 0 0 0 0 0 0 0 1524
3 0 1245 0 0 0 0 0 0 0 0 0 1 1 0 0 78 69 1524
1 3036 3036 3036 -3036 -3036 -3036 0 0 0 0 0 0 0 0 0 0 0 0 1525
1 2786 2786 2786 -2786 -2786 -2786 0 0 0 0 0 0 0 0 0 0 0 0 1526
2 0 50200 753 0 0 0 0 0 0 0 0 0 12550 6275 1526
4 0 16766072 0 0 16775434 0 0 0 0 0 0 0 1526
1 2536 2536 2536 -2536 -2536 -2536 0 0 0 0 0 0 0 0 0 0 0 0 1527
1 2286 2286 2286 -2286 -2286 -2286 0 0 0 0 0 0 0 0 0 0 0 0 1528
2 0 50600 759 0 0 0 0 0 0 0 0 0 12650 6325 1528
4 0 16768072 0 0 16775942 0 0 0 0 0 0 0 1528
1 2036 2036 2036 -2036 -2036 -2036 0 0 0 0 0 0 0 0 0 0 0 0 1529
1 1786 1786 1786 -1786 -1786 -1786 0 0 0 0 0 0 0 0 0 0 0 0 1530
2 0 51000 765 0 0 0 0 0 0 0 0 0 12750 6375 1530
4 0 16770072 0 0 16776450 0 0 0 0 0 0 0 1530
3 0 1275 0 0 0 0 0 0 0 0 0 1 1 0 0 78 69 1530
1 -250 -250 -250 250 250 250 0 0 0 0 0 0 0 0 0 0 0 0 1531
1 -500 -500 -500 500 500 500 0 0 0 0 0 0 0 0 0 0 0 0 1532
2 0 400 6 0 0 0 0 0 0 0 0 0 100 50 1532
4 0 2000 0 0 508 0 0 0 0 0 0 0 1532
1 -750 -750 -750 750 750 750 0 0 0 0 0 0 0 0 0 0 0 0 1533
1 -1000 -1000 -1000 1000 1000 1000 0 0 0 0 0 0 0 0 0 0 0 0 1534
2 0 800 12 0 0 0 0 0 0 0 0 0 200 100 1534
4 0 4000 0 0 1016 0 0 0 0 0 0 0 1534
1 -1250 -1250 -1250 1250 1250 1250 0 0 0 0 0 0 0 0 0 0 0 0 1535
1 -1500 -1500 -1500 1500 1500 1500 0 0 0 0 0 0 0 0 0 0 0 0 1536
2 0 1200 18 0 0 0 0 0 0 0 0 0 300 150 1536
4 0 6000 0 0 1524 0 0 0 0 0 0 0 1536
3 0 30 0 0 0 0 0 0 0 0 1 0 0 0 0 78 69 1536
1 -1750 -1750 -1750 1750 1750 1750 0 0 0 0 0 0 0 0 0 0 0 0 1537
1 -2000 -2000 -2000 2000 2000 2000 0 0 0 0 0 0 0 0 0 0 0 0 1538
2 0 1600 24 0 0 0 0 0 0 0 0 0 400 200 1538
4 0 8000 0 0 2032 0 0 0 0 0 0 0 1538
1 -2250 -2250 -2250 2250 2250 2250 0 0 0 0 0 0 0 0 0 0 0 0 1539
1 -2500 -2500 -2500 2500 2500 2500 0 0 0 0 0 0 0 0 0 0 0 0 1540
2 0 2000 30 0 0 0 0 0 0 0 0 0 500 250 1540
4 0 10000 0 0 2540 0 0 0 0 0 0 0 1540
1 -2750 -2750 -2750 2750 2750 2750 0 0 0 0 0 0 0 0 0 0 0 0 1541
1 -3000 -3000 -3000 3000 3000 3000 0 0 0 0 0 0 0 0 0 0 0 0 1542
2 0 2400 36 0 0 0 0 0 0 0 0 0 600 300 1542
4 0 12000 0 0 3048 0 0 0 0 0 0 0 1542
3 0 60 0 0 0 0 0 0 0 0 1 0 0 0 0 78 69 1542
1 -3250 -3250 -3250 3250 3250 3250 0 0 0 0 0 0 0 0 0 0 0 0 1543
1 -3500 -3500 -3500 3500 3500 3500 0 0 0 0 0 0 0 0 0 0 0 0 1544
2 0 2800 42 0 0 0 0 0 0 0 0 0 700 350 1544
4 0 14000 0 0 3556 0 0 0 0 0 0 0 1544
1 -3750 -3750 -3750 3750 3750 3750 0 0 0 0 0 0 0 0 0 0 0 0 1545
1 -4000 -4000 -4000 4000 4000 4000 0 0 0 0 0 0 0 0 0 0 0 0 1546
2 0 3200 48 0 0 0 0 0 0 0 0 0 800 400 1546
4 0 16000 0 0 4064 0 0 0 0 0 0 0 1546
1 -4250 -4250 -4250 4250 4250 4250 0 0 0 0 0 0 0 0 0 0 0 0 1547
1 -4500 -4500 -4500 4500 4500 4500 0 0 0 0 0 0 0 0 0 0 0 0 1548
2 0 3600 54 0 0 0 0 0 0 0 0 0 900 450 1548
4 0 18000 0 0 4572 0 0 0 0 0 0 0 1548
3 0 90 0 0 0 0 0 0 0 0 1 0 0 0 0 78 69 1548
1 -4750 -4750 -4750 4750 4750 4750 0 0 0 0 0 0 0 0 0 0 0 0 1549
1 -5000 -5000 -5000 5000 5000 5000 0 0 0 0 0 0 0 0 0 0 0 0 1550
2 0 4000 60 0 0 0 0 0 0 0 0 0 1000 500 1550
4 0 20000 0 0 5080 0 0 0 0 0 0 0 1550
1 -5250 -5250 -5250 5250 5250 5250 0 0 0 0 0 0 0 0 0 0 0 0 1551
1 -5500 -5500 -5500 5500 5500 5500 0 0 0 0 0 0 0 0 0 0 0 0 1552
2 0 4400 66 0 0 0 0 0 0 0 0 0 1100 550 1552
4 0 22000 0 0 5588 0 0 0 0 0 0 0 1552
1 -5750 -5750 -5750 5750 5750 5750 0 0 0 0 0 0 0 0 0 0 0 0 1553
1 -6000 -6000 -6000 6000 6000 6000 0 0 0 0 0 0 0 0 0 0 0 0 1554
2 0 4800 72 0 0 0 0 0 0 0 0 0 1200 600 1554
4 0 24000 0 0 6096 0 0 0 0 0 0 0 1554
3 0 120 0 0 0 0 0 0 0 0 1 0 0 0 0 78 69 1554
1 -6250 -6250 -6250 6250 6250 6250 0 0 0 0 0 0 0 0 0 0 0 0 1555
1 -6500 -6500 -6500 6500 6500 6500 0 0 0 0 0 0 0 0 0 0 0 0 1556
2 0 5200 78 0 0 0 0 0 0 0 0 0 1300 650 1556
4 0 26000 0 0 6604 0 0 0 0 0 0 0 1556
1 -6750 -6750 -6750 6750 6750 6750 0 0 0 0 0 0 0 0 0 0 0 0 1557
1 -7000 -7000 -7000 7000 7000 7000 0 0 0 0 0 0 0 0 0 0 0 0 1558
2 0 5600 84 0 0 0 0 0 0 0 0 0 1400 700 1558
4 0 28000 0 0 7112 0 0 0 0 0 0 0 1558
1 -7250 -7250 -7250 7250 7250 7250 0 0 0 0 0 0 0 0 0 0 0 0 1559
1 -7500 -7500 -7500 7500 7500 7500 0 0 0 0 0 0 0 0 0 0 0 0 1560
2 0 6000 90 0 0 0 0 0 0 0 0 0 1500 750 1560
4 0 30000 0 0 7620 0 0 0 0 0 0 0 1560
3 0 150 0 0 0 0 0 0 0 0 1 0 0 0 0 78 69 1560
1 -7750 -7750 -7750 7750 7750 7750 0 0 0 0 0 0 0 0 0 0 0 0 1561
1 -8000 -8000 -8000 8000 8000 8000 0 0 0 0 0 0 0 0 0 0 0 0 1562
2 0 6400 96 0 0 0 0 0 0 0 0 0 1600 800 1562
4 0 32000 0 0 8128 0 0 0 0 0 0 0 1562
1 -8250 -8250 -8250 8250 8250 8250 0 0 0 0 0 0 0 0 0 0 0 0 1563
1 -8500 -8500 -8500 8500 8500 8500 0 0 0 0 0 0 0 0 0 0 0 0 1564
2 0 6800 102 0 0 0 0 0 0 0 0 0 1700 850 1564
4 0 16745680 0 0 8636 0 0 0 0 0 0 0 1564
1 -8750 -8750 -8750 8750 8750 8750 0 0 0 0 0 0 0 0 0 0 0 0 1565
1 -9000 -9000 -9000 9000 9000 9000 0 0 0 0 0 0 0 0 0 0 0 0 1566
2 0 7200 108 0 0 0 0 0 0 0 0 0 1800 900 1566
4 0 16747680 0 0 9144 0 0 0 0 0 0 0 1566
3 0 180 0 0 0 0 0 0 0 0 1 0 0 0 0 78 69 1566
1 -9250 -9250 -9250 9250 9250 9250 0 0 0 0 0 0 0 0 0 0 0 0 1567
1 -9500 -9500 -9500 9500 9500 9500 0 0 0 0 0 0 0 0 0 0 0 0 1568
2 0 7600 114 0 0 0 0 0 0 0 0 0 1900 950 1568
4 0 16749680 0 0 9652 0 0 0 0 0 0 0 1568
1 -9750 -9750 -9750 9750 9750 9750 0 0 0 0 0 0 0 0 0 0 0 0 1569
1 -10000 -10000 -10000 10000 10000 10000 0 0 0 0 0 0 0 0 0 0 0 0 1570
2 0 8000 120 0 0 0 0 0 0 0 0 0 2000 1000 1570
4 0 16751680 0 0 10160 0 0 0 0 0 0 0 1570
1 -10250 -10250 -10250 10250 10250 10250 0 0 0 0 0 0 0 0 0 0 0 0 1571
1 -10500 -10500 -10500 10500 10500 10500 0 0 0 0 0 0 0 0 0 0 0 0 1572
2 0 8400 126 0 0 0 0 0 0 0 0 0 2100 1050 1572
4 0 16753680 0 0 10668 0 0 0 0 0 0 0 1572
3 0 210 0 0 0 0 0 0 0 0 1 0 0 0 0 78 69 1572
1 -10750 -10750 -10750 10750 10750 10750 0 0 0 0 0 0 0 0 0 0 0 0 1573
1 -11000 -11000 -11000 11000 11000 11000 0 0 0 0 0 0 0 0 0 0 0 0 1574
2 0 8800 132 0 0 0 0 0 0 0 0 0 2200 1100 1574
4 0 16755680 0 0 11176 0 0 0 0 0 0 0 1574
1 -11250 -11250 -11250 11250 11250 11250 0 0 0 0 0 0 0 0 0 0 0 0 1575
1 -11500 -11500 -11500 11500 11500 11500 0 0 0 0 0 0 0 0 0 0 0 0 1576
2 0 9200 138 0 0 0 0 0 0 0 0 0 2300 1150 1576
4 0 16757680 0 0 11684 0 0 0 0 0 0 0 1576
1 -11750 -11750 -11750 11750 11750 11750 0 0 0 0 0 0 0 0 0 0 0 0 1577
1 -12000 -12000 -12000 12000 12000 12000 0 0 0 0 0 0 0 0 0 0 0 0 1578
2 0 9600 144 0 0 0 0 0 0 0 0 0 2400 1200 1578
4 0 16759680 0 0 12192 0 0 0 0 0 0 0 1578
3 0 240 0 0 0 0 0 0 0 0 1 0 0 0 0 78 69 1578
1 -12250 -12250 -12250 12250 12250 12250 0 0 0 0 0 0 0 0 0 0 0 0 1579
1 -12500 -12500 -12500 12500 12500 12500 0 0 0 0 0 0 0 0 0 0 0 0 1580
2 0 10000 150 0 0 0 0 0 0 0 0 0 2500 1250 1580
4 0 16761680 0 0 12700 0 0 0 0 0 0 0 1580
1 -12750 -12750 -12750 12750 12750 12750 0 0 0 0 0 0 0 0 0 0 0 0 1581
1 -13000 -13000 -13000 13000 13000 13000 0 0 0 0 0 0 0 0 0 0 0 0 1582
2 0 10400 156 0 0 0 0 0 0 0 0 0 2600 1300 1582
4 0 16763680 0 0 13208 0 0 0 0 0 0 0 1582
1 -13250 -13250 -13250 13250 13250 13250 0 0 0 0 0 0 0 0 0 0 0 0 1583
1 -13500 -13500 -13500 13500 13500 13500 0 0 0 0 0 0 0 0 0 0 0 0 1584
2 0 10800 162 0 0 0 0 0 0 0 0 0 2700 1350 1584
4 0 16765680 0 0 13716 0 0 0 0 0 0 0 1584
3 0 270 0 0 0 0 0 0 0 0 1 0 0 0 0 78 69 1584
1 -13750 -13750 -13750 13750 13750 13750 0 0 0 0 0 0 0 0 0 0 0 0 1585
1 -14000 -14000 -14000 14000 14000 14000 0 0 0 0 0 0 0 0 0 0 0 0 1586
2 0 11200 168 0 0 0 0 0 0 0 0 0 2800 1400 1586
4 0 16767680 0 0 14224 0 0 0 0 0 0 0 1586
1 -14250 -14250 -14250 14250 14250 14250 0 0 0 0 0 0 0 0 0 0 0 0 1587
1 -14500 -14500 -14500 14500 14500 14500 0 0 0 0 0 0 0 0 0 0 0 0 1588
2 0 11600 174 0 0 0 0 0 0 0 0 0 2900 1450 1588
4 0 16769680 0 0 14732 0 0 0 0 0 0 0 1588
1 -14750 -14750 -14750 14750 14750 14750 0 0 0 0 0 0 0 0 0 0 0 0 1589
1 -15000 -15000 -15000 15000 15000 15000 0 0 0 0 0 0 0 0 0 0 0 0 1590
2 0 12000 180 0 0 0 0 0 0 0 0 0 3000 1500 1590
4 0 16771680 0 0 15240 0 0 0 0 0 0 0 1590
3 0 300 0 0 0 0 0 0 0 0 1 0 0 0 0 78 69 1590
1 -15250 -15250 -15250 15250 15250 15250 0 0 0 0 0 0 0 0 0 0 0 0 1591
1 -15500 -15500 -15500 15500 15500 15500 0 0 0 0 0 0 0 0 0 0 0 0 1592
2 0 12400 186 0 0 0 0 0 0 0 0 0 3100 1550 1592
4 0 16773680 0 0 15748 0 0 0 0 0 0 0 1592
1 -15750 -15750 -15750 15750 15750 15750 0 0 0 0 0 0 0 0 0 0 0 0 1593
1 -16000 -16000 -16000 16000 16000 16000 0 0 0 0 0 0 0 0 0 0 0 0 1594
2 0 12800 192 0 0 0 0 0 0 0 0 0 3200 1600 1594
4 0 16775680 0 0 16256 0 0 0 0 0 0 0 1594
1 -16250 -16250 -16250 16250 16250 16250 0 0 0 0 0 0 0 0 0 0 0 0 1595
1 -16500 -16500 -16500 16500 16500 16500 0 0 0 0 0 0 0 0 0 0 0 0 1596
2 0 13200 198 0 0 0 0 0 0 0 0 0 3300 1650 1596
4 0 464 0 0 16764 0 0 0 0 0 0 0 1596
3 0 330 0 0 0 0 0 0 0 0 1 0 0 0 0 78 69 1596
1 -16750 -16750 -16750 16750 16750 16750 0 0 0 0 0 0 0 0 0 0 0 0 1597
1 -17000 -17000 -17000 17000 17000 17000 0 0 0 0 0 0 0 0 0 0 0 0 1598
2 0 13600 204 0 0 0 0 0 0 0 0 0 3400 1700 1598
4 0 2464 0 0 17272 0 0 0 0 0 0 0 1598
1 -17250 -17250 -17250 17250 17250 17250 0 0 0 0 0 0 0 0 0 0 0 0 1599
1 -17500 -17500 -17500 17500 17500 17500 0 0 0 0 0 0 0 0 0 0 0 0 1600
2 0 14000 210 0 0 0 0 0 0 0 0 0 3500 1750 1600
4 0 4464 0 0 17780 0 0 0 0 0 0 0 1600
1 -17750 -17750 -17750 17750 17750 17750 0 0 0 0 0 0 0 0 0 0 0 0 1601
1 -18000 -18000 -18000 18000 18000 18000 0 0 0 0 0 0 0 0 0 0 0 0 1602
2 0 14400 216 0 0 0 0 0 0 0 0 0 3600 1800 1602
4 0 6464 0 0 18288 0 0 0 0 0 0 0 1602
3 0 360 0 0 0 0 0 0 0 0 1 0 0 0 0 78 69 1602
1 -18250 -18250 -18250 18250 18250 18250 0 0 0 0 0 0 0 0 0 0 0 0 1603
1 -18500 -18500 -18500 18500 18500 18500 0 0 0 0 0 0 0 0 0 0 0 0 1604
2 0 14800 222 0 0 0 0 0 0 0 0 0 3700 1850 1604
4 0 8464 0 0 18796 0 0 0 0 0 0 0 1604
1 -18750 -18750 -18750 18750 18750 18750 0 0 0 0 0 0 0 0 0 0 0 0 1605
1 -19000 -19000 -19000 19000 19000 19000 0 0 0 0 0 0 0 0 0 0 0 0 1606
2 0 15200 228 0 0 0 0 0 0 0 0 0 3800 1900 1606
4 0 10464 0 0 19304 0 0 0 0 0 0 0 1606
1 -19250 -19250 -19250 19250 19250 19250 0 0 0 0 0 0 0 0 0 0 0 0 1607
1 -19500 -19500 -19500 19500 19500 19500 0 0 0 0 0 0 0 0 0 0 0 0 1608
2 0 15600 234 0 0 0 0 0 0 0 0 0 3900 1950 1608
4 0 12464 0 0 19812 0 0 0 0 0 0 0 1608
3 0 390 0 0 0 0 0 0 0 0 1 0 0 0 0 78 69 1608
1 -19750 -19750 -19750 19750 19750 19750 0 0 0 0 0 0 0 0 0 0 0 0 1609
1 -20000 -20000 -20000 20000 20000 20000 0 0 0 0 0 0 0 0 0 0 0 0 1610
2 0 16000 240 0 0 0 0 0 0 0 0 0 4000 2000 1610
4 0 14464 0 0 20320 0 0 0 0 0 0 0 1610
1 -20250 -20250 -20250 20250 20250 20250 0 0 0 0 0 0 0 0 0 0 0 0 1611
1 -20500 -20500 -20500 20500 20500 20500 0 0 0 0 0 0 0 0 0 0 0 0 1612
2 0 16400 246 0 0 0 0 0 0 0 0 0 4100 2050 1612
4 0 16464 0 0 20828 0 0 0 0 0 0 0 1612
1 -20750 -20750 -20750 20750 20750 20750 0 0 0 0 0 0 0 0 0 0 0 0 1613
1 -21000 -21000 -21000 21000 21000 21000 0 0 0 0 0 0 0 0 0 0 0 0 1614
2 0 16800 252 0 0 0 0 0 0 0 0 0 4200 2100 1614
4 0 18464 0 0 21336 0 0 0 0 0 0 0 1614
3 0 420 0 0 0 0 0 0 0 0 1 0 0 0 0 78 69 1614
1 -21250 -21250 -21250 21250 21250 21250 0 0 0 0 0 0 0 0 0 0 0 0 1615
1 -21500 -21500 -21500 21500 21500 21500 0 0 0 0 0 0 0 0 0 0 0 0 1616
2 0 17200 258 0 0 0 0 0 0 0 0 0 4300 2150 1616
4 0 20464 0 0 21844 0 0 0 0 0 0 0 1616
1 -21750 -21750 -21750 21750 21750 21750 0 0 0 0 0 0 0 0 0 0 0 0 1617
1 -22000 -22000 -22000 22000 22000 22000 0 0 0 0 0 0 0 0 0 0 0 0 1618
2 0 17600 264 0 0 0 0 0 0 0 0 0 4400 2200 1618
4 0 22464 0 0 22352 0 0 0 0 0 0 0 1618
1 -22250 -22250 -22250 22250 22250 22250 0 0 0 0 0 0 0 0 0 0 0 0 1619
1 -22500 -22500 -22500 22500 22500 22500 0 0 0 0 0 0 0 0 0 0 0 0 1620
2 0 18000 270 0 0 0 0 0 0 0 0 0 4500 2250 1620
4 0 24464 0 0 22860 0 0 0 0 0 0 0 1620
3 0 450 0 0 0 0 0 0 0 0 1 0 0 0 0 78 69 1620
1 -22750 -22750 -22750 22750 22750 22750 0 0 0 0 0 0 0 0 0 0 0 0 1621
1 -23000 -23000 -23000 23000 23000 23000 0 0 0 0 0 0 0 0 0 0 0 0 1622
2 0 18400 276 0 0 0 0 0 0 0 0 0 4600 2300 1622
4 0 26464 0 0 23368 0 0 0 0 0 0 0 1622
1 -23250 -23250 -23250 23250 23250 23250 0 0 0 0 0 0 0 0 0 0 0 0 1623
1 -23500 -23500 -23500 23500 23500 23500 0 0 0 0 0 0 0 0 0 0 0 0 1624
2 0 18800 282 0 0 0 0 0 0 0 0 0 4700 2350 1624
4 0 28464 0 0 23876 0 0 0 0 0 0 0 1624
1 -23750 -23750 -23750 23750 23750 23750 0 0 0 0 0 0 0 0 0 0 0 0 1625
1 -24000 -24000 -24000 24000 24000 24000 0 0 0 0 0 0 0 0 0 0 0 0 1626
2 0 19200 288 0 0 0 0 0 0 0 0 0 4800 2400 1626
4 0 30464 0 0 24384 0 0 0 0 0 0 0 1626
3 0 480 0 0 0 0 0 0 0 0 1 0 0 0 0 78 69 1626
1 -24250 -24250 -24250 24250 24250 24250 0 0 0 0 0 0 0 0 0 0 0 0 1627
1 -24500 -24500 -24500 24500 24500 24500 0 0 0 0 0 0 0 0 0 0 0 0 1628
2 0 19600 294 0 0 0 0 0 0 0 0 0 4900 2450 1628
4 0 32464 0 0 24892 0 0 0 0 0 0 0 1628
1 -24750 -24750 -24750 24750 24750 24750 0 0 0 0 0 0 0 0 0 0 0 0 1629
1 -25000 -25000 -25000 25000 25000 25000 0 0 0 0 0 0 0 0 0 0 0 0 1630
2 0 20000 300 0 0 0 0 0 0 0 0 0 5000 2500 1630
4 0 16746144 0 0 25400 0 0 0 0 0 0 0 1630
1 -25250 -25250 -25250 25250 25250 25250 0 0 0 0 0 0 0 0 0 0 0 0 1631
1 -25500 -25500 -25500 25500 25500 25500 0 0 0 0 0 0 0 0 0 0 0 0 1632
2 0 20400 306 0 0 0 0 0 0 0 0 0 5100 2550 1632
4 0 16748144 0 0 25908 0 0 0 0 0 0 0 1632
3 0 510 0 0 0 0 0 0 0 0 1 0 0 0 0 78 69 1632
1 -25750 -25750 -25750 25750 25750 25750 0 0 0 0 0 0 0 0 0 0 0 0 1633
1 -26000 -26000 -26000 26000 26000 26000 0 0 0 0 0 0 0 0 0 0 0 0 1634
2 0 20800 312 0 0 0 0 0 0 0 0 0 5200 2600 1634
4 0 16750144 0 0 26416 0 0 0 0 0 0 0 1634
1 -26250 -26250 -26250 26250 26250 26250 0 0 0 0 0 0 0 0 0 0 0 0 1635
1 -26500 -26500 -26500 26500 26500 26500 0 0 0 0 0 0 0 0 0 0 0 0 1636
2 0 21200 318 0 0 0 0 0 0 0 0 0 5300 2650 1636
4 0 16752144 0 0 26924 0 0 0 0 0 0 0 1636
1 -26750 -26750 -26750 26750 26750 26750 0 0 0 0 0 0 0 0 0 0 0 0 1637
1 -27000 -27000 -27000 27000 27000 27000 0 0 0 0 0 0 0 0 0 0 0 0 1638
2 0 21600 324 0 0 0 0 0 0 0 0 0 5400 2700 1638
4 0 16754144 0 0 27432 0 0 0 0 0 0 0 1638
3 0 540 0 0 0 0 0 0 0 0 1 0 0 0 0 78 69 1638
1 -27250 -27250 -27250 27250 27250 27250 0 0 0 0 0 0 0 0 0 0 0 0 1639
1 -27500 -27500 -27500 27500 27500 27500 0 0 0 0 0 0 0 0 0 0 0 0 1640
2 0 22000 330 0 0 0 0 0 0 0 0 0 5500 2750 1640
4 0 16756144 0 0 27940 0 0 0 0 0 0 0 1640
1 -27750 -27750 -27750 27750 27750 27750 0 0 0 0 0 0 0 0 0 0 0 0 1641
1 -28000 -28000 -28000 28000 28000 28000 0 0 0 0 0 0 0 0 0 0 0 0 1642
2 0 22400 336 0 0 0 0 0 0 0 0 0 5600 2800 1642
4 0 16758144 0 0 28448 0 0 0 0 0 0 0 1642
1 -28250 -28250 -28250 28250 28250 28250 0 0 0 0 0 0 0 0 0 0 0 0 1643
1 -28500 -28500 -28500 28500 28500 28500 0 0 0 0 0 0 0 0 0 0 0 0 1644
2 0 22800 342 0 0 0 0 0 0 0 0 0 5700 2850 1644
4 0 16760144 0 0 28956 0 0 0 0 0 0 0 1644
3 0 570 0 0 0 0 0 0 0 0 1 0 0 0 0 78 69 1644
1 -28750 -28750 -28750 28750 28750 28750 0 0 0 0 0 0 0 0 0 0 0 0 1645
1 -29000 -29000 -29000 29000 29000 29000 0 0 0 0 0 0 0 0 0 0 0 0 1646
2 0 23200 348 0 0 0 0 0 0 0 0 0 5800 2900 1646
4 0 16762144 0 0 29464 0 0 0 0 0 0 0 1646
1 -29250 -29250 -29250 29250 29250 29250 0 0 0 0 0 0 0 0 0 0 0 0 1647
1 -29500 -29500 -29500 29500 29500 29500 0 0 0 0 0 0 0 0 0 0 0 0 1648
2 0 23600 354 0 0 0 0 0 0 0 0 0 5900 2950 1648
4 0 16764144 0 0 29972 0 0 0 0 0 0 0 1648
1 -29750 -29750 -29750 29750 29750 29750 0 0 0 0 0 0 0 0 0 0 0 0 1649
1 -30000 -30000 -30000 30000 30000 30000 0 0 0 0 0 0 0 0 0 0 0 0 1650
2 0 24000 360 0 0 0 0 0 0 0 0 0 6000 3000 1650
4 0 16766144 0 0 30480 0 0 0 0 0 0 0 1650
3 0 600 0 0 0 0 0 0 0 0 1 0 0 0 0 78 69 1650
1 -30250 -30250 -30250 30250 30250 30250 0 0 0 0 0 0 0 0 0 0 0 0 1651
1 -30500 -30500 -30500 30500 30500 30500 0 0 0 0 0 0 0 0 0 0 0 0 1652
2 0 24400 366 0 0 0 0 0 0 0 0 0 6100 3050 1652
4 0 16768144 0 0 30988 0 0 0 0 0 0 0 1652
1 -30750 -30750 -30750 30750 30750 30750 0 0 0 0 0 0 0 0 0 0 0 0 1653
1 -31000 -31000 -31000 31000 31000 31000 0 0 0 0 0 0 0 0 0 0 0 0 1654
2 0 24800 372 0 0 0 0 0 0 0 0 0 6200 3100 1654
4 0 16770144 0 0 31496 0 0 0 0 0 0 0 1654
1 -31250 -31250 -31250 31250 31250 31250 0 0 0 0 0 0 0 0 0 0 0 0 1655
1 -31500 -31500 -31500 31500 31500 31500 0 0 0 0 0 0 0 0 0 0 0 0 1656
2 0 25200 378 0 0 0 0 0 0 0 0 0 6300 3150 1656
4 0 16772144 0 0 32004 0 0 0 0 0 0 0 1656
3 0 630 0 0 0 0 0 0 0 0 0 1 1 0 0 78 69 1656
1 -31750 -31750 -31750 31750 31750 31750 0 0 0 0 0 0 0 0 0 0 0 0 1657
1 -32000 -32000 -32000 32000 32000 32000 0 0 0 0 0 0 0 0 0 0 0 0 1658
2 0 25600 384 0 0 0 0 0 0 0 0 0 6400 3200 1658
4 0 16774144 0 0 32512 0 0 0 0 0 0 0 1658
1 -32250 -32250 -32250 32250 32250 32250 0 0 0 0 0 0 0 0 0 0 0 0 1659
1 -32500 -32500 -32500 32500 32500 32500 0 0 0 0 0 0 0 0 0 0 0 0 1660
2 0 26000 390 0 0 0 0 0 0 0 0 0 6500 3250 1660
4 0 16776144 0 0 16744700 0 0 0 0 0 0 0 1660
1 -32750 -32750 -32750 32750 32750 32750 0 0 0 0 0 0 0 0 0 0 0 0 1661
1 32536 32536 32536 -32536 -32536 -32536 0 0 0 0 0 0 0 0 0 0 0 0 1662
2 0 26400 396 0 0 0 0 0 0 0 0 0 6600 3300 1662
4 0 928 0 0 16745208 0 0 0 0 0 0 0 1662
3 0 660 0 0 0 0 0 0 0 0 0 1 1 0 0 78 69 1662
1 32286 32286 32286 -32286 -32286 -32286 0 0 0 0 0 0 0 0 0 0 0 0 1663
1 32036 32036 32036 -32036 -32036 -32036 0 0 0 0 0 0 0 0 0 0 0 0 1664
2 0 26800 402 0 0 0 0 0 0 0 0 0 6700 3350 1664
4 0 2928 0 0 16745716 0 0 0 0 0 0 0 1664
1 31786 31786 31786 -31786 -31786 -31786 0 0 0 0 0 0 0 0 0 0 0 0 1665
1 31536 31536 31536 -31536 -31536 -31536 0 0 0 0 0 0 0 0 0 0 0 0 1666
2 0 27200 408 0 0 0 0 0 0 0 0 0 6800 3400 1666
4 0 4928 0 0 16746224 0 0 0 0 0 0 0 1666
1 31286 31286 31286 -31286 -31286 -31286 0 0 0 0 0 0 0 0 0 0 0 0 1667
1 31036 31036 31036 -31036 -31036 -31036 0 0 0 0 0 0 0 0 0 0 0 0 1668
2 0 27600 414 0 0 0 0 0 0 0 0 0 6900 3450 1668
4 0 6928 0 0 16746732 0 0 0 0 0 0 0 1668
3 0 690 0 0 0 0 0 0 0 0 0 1 1 0 0 78 69 1668
1 30786 30786 30786 -30786 -30786 -30786 0 0 0 0 0 0 0 0 0 0 0 0 1669
1 30536 30536 30536 -30536 -30536 -30536 0 0 0 0 0 0 0 0 0 0 0 0 1670
2 0 28000 420 0 0 0 0 0 0 0 0 0 7000 3500 1670
4 0 8928 0 0 16747240 0 0 0 0 0 0 0 1670
1 30286 30286 30286 -30286 -30286 -30286 0 0 0 0 0 0 0 0 0 0 0 0 1671
1 30036 30036 30036 -30036 -30036 -30036 0 0 0 0 0 0 0 0 0 0 0 0 1672
2 0 28400 426 0 0 0 0 0 0 0 0 0 7100 3550 1672
4 0 10928 0 0 16747748 0 0 0 0 0 0 0 1672
1 29786 29786 29786 -29786 -29786 -29786 0 0 0 0 0 0 0 0 0 0 0 0 1673
1 29536 29536 29536 -29536 -29536 -29536 0 0 0 0 0 0 0 0 0 0 0 0 1674
2 0 28800 432 0 0 0 0 0 0 0 0 0 7200 3600 1674
4 0 12928 0 0 16748256 0 0 0 0 0 0 0 1674
3 0 720 0 0 0 0 0 0 0 0 0 1 1 0 0 78 69 1674
1 29286 29286 29286 -29286 -29286 -29286 0 0 0 0 0 0 0 0 0 0 0 0 1675
1 29036 29036 29036 -29036 -29036 -29036 0 0 0 0 0 0 0 0 0 0 0 0 1676
2 0 29200 438 0 0 0 0 0 0 0 0 0 7300 3650 1676
4 0 14928 0 0 16748764 0 0 0 0 0 0 0 1676
1 28786 28786 28786 -28786 -28786 -28786 0 0 0 0 0 0 0 0 0 0 0 0 1677
1 28536 28536 28536 -28536 -28536 -28536 0 0 0 0 0 0 0 0 0 0 0 0 1678
2 0 29600 444 0 0 0 0 0 0 0 0 0 7400 3700 1678
4 0 16928 0 0 16749272 0 0 0 0 0 0 0 1678
1 28286 28286 28286 -28286 -28286 -28286 0 0 0 0 0 0 0 0 0 0 0 0 1679
1 28036 28036 28036 -28036 -28036 -28036 0 0 0 0 0 0 0 0 0 0 0 0 1680
2 0 30000 450 0 0 0 0 0 0 0 0 0 7500 3750 1680
4 0 18928 0 0 16749780 0 0 0 0 0 0 0 1680
3 0 750 0 0 0 0 0 0 0 0 0 1 1 0 0 78 69 1680
1 27786 27786 27786 -27786 -27786 -27786 0 0 0 0 0 0 0 0 0 0 0 0 1681
1 27536 27536 27536 -27536 -27536 -27536 0 0 0 0 0 0 0 0 0 0 0 0 1682
2 0 30400 456 0 0 0 0 0 0 0 0 0 7600 3800 1682
4 0 20928 0 0 16750288 0 0 0 0 0 0 0 1682
1 27286 27286 27286 -27286 -27286 -27286 0 0 0 0 0 0 0 0 0 0 0 0 1683
1 27036 27036 27036 -27036 -27036 -27036 0 0 0 0 0 0 0 0 0 0 0 0 1684
2 0 30800 462 0 0 0 0 0 0 0 0 0 7700 3850 1684
4 0 22928 0 0 16750796 0 0 0 0 0 0 0 1684
1 26786 26786 26786 -26786 -26786 -26786 0 0 0 0 0 0 0 0 0 0 0 0 1685
1 26536 26536 26536 -26536 -26536 -26536 0 0 0 0 0 0 0 0 0 0 0 0 1686
2 0 31200 468 0 0 0 0 0 0 0 0 0 7800 3900 1686
4 0 24928 0 0 16751304 0 0 0 0 0 0 0 1686
3 0 780 0 0 0 0 0 0 0 0 0 1 1 0 0 78 69 1686
1 26286 26286 26286 -26286 -26286 -26286 0 0 0 0 0 0 0 0 0 0 0 0 1687
1 26036 26036 26036 -26036 -26036 -26036 0 0 0 0 0 0 0 0 0 0 0 0 1688
2 0 31600 474 0 0 0 0 0 0 0 0 0 7900 3950 1688
4 0 26928 0 0 16751812 0 0 0 0 0 0 0 1688
1 25786 25786 25786 -25786 -25786 -25786 0 0 0 0 0 0 0 0 0 0 0 0 1689
1 25536 25536 25536 -25536 -25536 -25536 0 0 0 0 0 0 0 0 0 0 0 0 1690
2 0 32000 480 0 0 0 0 0 0 0 0 0 8000 4000 1690
4 0 28928 0 0 16752320 0 0 0 0 0 0 0 1690
1 25286 25286 25286 -25286 -25286 -25286 0 0 0 0 0 0 0 0 0 0 0 0 1691
1 25036 25036 25036 -25036 -25036 -25036 0 0 0 0 0 0 0 0 0 0 0 0 1692
2 0 32400 486 0 0 0 0 0 0 0 0 0 8100 4050 1692
4 0 30928 0 0 16752828 0 0 0 0 0 0 0 1692
3 0 810 0 0 0 0 0 0 0 0 0 1 1 0 0 78 69 1692
1 24786 24786 24786 -24786 -24786 -24786 0 0 0 0 0 0 0 0 0 0 0 0 1693
1 24536 24536 24536 -24536 -24536 -24536 0 0 0 0 0 0 0 0 0 0 0 0 1694
2 0 32800 492 0 0 0 0 0 0 0 0 0 8200 4100 1694
4 0 16744608 0 0 16753336 0 0 0 0 0 0 0 1694
1 24286 24286 24286 -24286 -24286 -24286 0 0 0 0 0 0 0 0 0 0 0 0 1695
1 24036 24036 24036 -24036 -24036 -24036 0 0 0 0 0 0 0 0 0 0 0 0 1696
2 0 33200 498 0 0 0 0 0 0 0 0 0 8300 4150 1696
4 0 16746608 0 0 16753844 0 0 0 0 0 0 0 1696
1 23786 23786 23786 -23786 -23786 -23786 0 0 0 0 0 0 0 0 0 0 0 0 1697
1 23536 23536 23536 -23536 -23536 -23536 0 0 0 0 0 0 0 0 0 0 0 0 1698
2 0 33600 504 0 0 0 0 0 0 0 0 0 8400 4200 1698
4 0 16748608 0 0 16754352 0 0 0 0 0 0 0 1698
3 0 840 0 0 0 0 0 0 0 0 0 1 1 0 0 78 69 1698
1 23286 23286 23286 -23286 -23286 -23286 0 0 0 0 0 0 0 0 0 0 0 0 1699
1 23036 23036 23036 -23036 -23036 -23036 0 0 0 0 0 0 0 0 0 0 0 0 1700
2 0 34000 510 0 0 0 0 0 0 0 0 0 8500 4250 1700
4 0 16750608 0 0 16754860 0 0 0 0 0 0 0 1700
1 22786 22786 22786 -22786 -22786 -22786 0 0 0 0 0 0 0 0 0 0 0 0 1701
1 22536 22536 22536 -22536 -22536 -22536 0 0 0 0 0 0 0 0 0 0 0 0 1702
2 0 34400 516 0 0 0 0 0 0 0 0 0 8600 4300 1702
4 0 16752608 0 0 16755368 0 0 0 0 0 0 0 1702
1 22286 22286 22286 -22286 -22286 -22286 0 0 0 0 0 0 0 0 0 0 0 0 1703
1 22036 22036 22036 -22036 -22036 -22036 0 0 0 0 0 0 0 0 0 0 0 0 1704
2 0 34800 522 0 0 0 0 0 0 0 0 0 8700 4350 1704
4 0 16754608 0 0 16755876 0 0 0 0 0 0 0 1704
3 0 870 0 0 0 0 0 0 0 0 0 1 1 0 0 78 69 1704
1 21786 21786 21786 -21786 -21786 -21786 0 0 0 0 0 0 0 0 0 0 0 0 1705
1 21536 21536 21536 -21536 -21536 -21536 0 0 0 0 0 0 0 0 0 0 0 0 1706
2 0 35200 528 0 0 0 0 0 0 0 0 0 8800 4400 1706
4 0 16756608 0 0 16756384 0 0 0 0 0 0 0 1706
1 21286 21286 21286 -21286 -21286 -21286 0 0 0 0 0 0 0 0 0 0 0 0 1707
1 21036 21036 21036 -21036 -21036 -21036 0 0 0 0 0 0 0 0 0 0 0 0 1708
2 0 35600 534 0 0 0 0 0 0 0 0 0 8900 4450 1708
4 0 16758608 0 0 16756892 0 0 0 0 0 0 0 1708
1 20786 20786 20786 -20786 -20786 -20786 0 0 0 0 0 0 0 0 0 0 0 0 1709
1 20536 20536 20536 -20536 -20536 -20536 0 0 0 0 0 0 0 0 0 0 0 0 1710
2 0 36000 540 0 0 0 0 0 0 0 0 0 9000 4500 1710
4 0 16760608 0 0 16757400 0 0 0 0 0 0 0 1710
3 0 900 0 0 0 0 0 0 0 0 0 1 1 0 0 78 69 1710
1 20286 20286 20286 -20286 -20286 -20286 0 0 0 0 0 0 0 0 0 0 0 0 1711
1 20036 20036 20036 -20036 -20036 -20036 0 0 0 0 0 0 0 0 0 0 0 0 1712
2 0 36400 546 0 0 0 0 0 0 0 0 0 9100 4550 1712
4 0 16762608 0 0 16757908 0 0 0 0 0 0 0 1712
1 19786 19786 19786 -19786 -19786 -19786 0 0 0 0 0 0 0 0 0 0 0 0 1713
1 19536 19536 19536 -19536 -19536 -19536 0 0 0 0 0 0 0 0 0 0 0 0 1714
2 0 36800 552 0 0 0 0 0 0 0 0 0 9200 4600 1714
4 0 16764608 0 0 16758416 0 0 0 0 0 0 0 1714
1 19286 19286 19286 -19286 -19286 -19286 0 0 0 0 0 0 0 0 0 0 0 0 1715
1 19036 19036 19036 -19036 -19036 -19036 0 0 0 0 0 0 0 0 0 0 0 0 1716
2 0 37200 558 0 0 0 0 0 0 0 0 0 9300 4650 1716
4 0 16766608 0 0 16758924 0 0 0 0 0 0 0 1716
3 0 930 0 0 0 0 0 0 0 0 0 1 1 0 0 78 69 1716
1 18786 18786 18786 -18786 -18786 -18786 0 0 0 0 0 0 0 0 0 0 0 0 1717
1 18536 18536 18536 -18536 -18536 -18536 0 0 0 0 0 0 0 0 0 0 0 0 1718
2 0 37600 564 0 0 0 0 0 0 0 0 0 9400 4700 1718
4 0 16768608 0 0 16759432 0 0 0 0 0 0 0 1718
1 18286 18286 18286 -18286 -18286 -18286 0 0 0 0 0 0 0 0 0 0 0 0 1719
1 18036 18036 18036 -18036 -18036 -18036 0 0 0 0 0 0 0 0 0 0 0 0 1720
2 0 38000 570 0 0 0 0 0 0 0 0 0 9500 4750 1720
4 0 16770608 0 0 16759940 0 0 0 0 0 0 0 1720
1 17786 17786 17786 -17786 -17786 -17786 0 0 0 0 0 0 0 0 0 0 0 0 1721
1 17536 17536 17536 -17536 -17536 -17536 0 0 0 0 0 0 0 0 0 0 0 0 1722
2 0 38400 576 0 0 0 0 0 0 0 0 0 9600 4800 1722
4 0 16772608 0 0 16760448 0 0 0 0 0 0 0 1722
3 0 960 0 0 0 0 0 0 0 0 0 1 1 0 0 78 69 1722
1 17286 17286 17286 -17286 -17286 -17286 0 0 0 0 0 0 0 0 0 0 0 0 1723
1 17036 17036 17036 -17036 -17036 -17036 0 0 0 0 0 0 0 0 0 0 0 0 1724
2 0 38800 582 0 0 0 0 0 0 0 0 0 9700 4850 1724
4 0 16774608 0 0 16760956 0 0 0 0 0 0 0 1724
1 16786 16786 16786 -16786 -16786 -16786 0 0 0 0 0 0 0 0 0 0 0 0 1725
1 16536 16536 16536 -16536 -16536 -16536 0 0 0 0 0 0 0 0 0 0 0 0 1726
2 0 39200 588 0 0 0 0 0 0 0 0 0 9800 4900 1726
4 0 16776608 0 0 16761464 0 0 0 0 0 0 0 1726
1 16286 16286 16286 -16286 -16286 -16286 0 0 0 0 0 0 0 0 0 0 0 0 1727
1 16036 16036 16036 -16036 -16036 -16036 0 0 0 0 0 0 0 0 0 0 0 0 1728
2 0 39600 594 0 0 0 0 0 0 0 0 0 9900 4950 1728
4 0 1392 0 0 16761972 0 0 0 0 0 0 0 1728
3 0 990 0 0 0 0 0 0 0 0 0 1 1 0 0 78 69 1728
1 15786 15786 15786 -15786 -15786 -15786 0 0 0 0 0 0 0 0 0 0 0 0 1729
1 15536 15536 15536 -15536 -15536 -15536 0 0 0 0 0 0 0 0 0 0 0 0 1730
2 0 40000 600 0 0 0 0 0 0 0 0 0 10000 5000 1730
4 0 3392 0 0 16762480 0 0 0 0 0 0 0 1730
1 15286 15286 15286 -15286 -15286 -15286 0 0 0 0 0 0 0 0 0 0 0 0 1731
1 15036 15036 15036 -15036 -15036 -15036 0 0 0 0 0 0 0 0 0 0 0 0 1732
2 0 40400 606 0 0 0 0 0 0 0 0 0 10100 5050 1732
4 0 5392 0 0 16762988 0 0 0 0 0 0 0 1732
1 14786 14786 14786 -14786 -14786 -14786 0 0 0 0 0 0 0 0 0 0 0 0 1733
1 14536 14536 14536 -14536 -14536 -14536 0 0 0 0 0 0 0 0 0 0 0 0 1734
2 0 40800 612 0 0 0 0 0 0 0 0 0 10200 5100 1734
4 0 7392 0 0 16763496 0 0 0 0 0 0 0 1734
3 0 1020 0 0 0 0 0 0 0 0 0 1 1 0 0 78 69 1734
1 14286 14286 14286 -14286 -14286 -14286 0 0 0 0 0 0 0 0 0 0 0 0 1735
1 14036 14036 14036 -14036 -14036 -14036 0 0 0 0 0 0 0 0 0 0 0 0 1736
2 0 41200 618 0 0 0 0 0 0 0 0 0 10300 5150 1736
4 0 9392 0 0 16764004 0 0 0 0 0 0 0 1736
1 13786 13786 13786 -13786 -13786 -13786 0 0 0 0 0 0 0 0 0 0 0 0 1737
1 13536 13536 13536 -13536 -13536 -13536 0 0 0 0 0 0 0 0 0 0 0 0 1738
2 0 41600 624 0 0 0 0 0 0 0 0 0 10400 5200 1738
4 0 11392 0 0 16764512 0 0 0 0 0 0 0 1738
1 13286 13286 13286 -13286 -13286 -13286 0 0 0 0 0 0 0 0 0 0 0 0 1739
1 13036 13036 13036 -13036 -13036 -13036 0 0 0 0 0 0 0 0 0 0 0 0 1740
2 0 42000 630 0 0 0 0 0 0 0 0 0 10500 5250 1740
4 0 13392 0 0 16765020 0 0 0 0 0 0 0 1740
3 0 1050 0 0 0 0 0 0 0 0 0 1 1 0 0 78 69 1740
1 12786 12786 12786 -12786 -12786 -12786 0 0 0 0 0 0 0 0 0 0 0 0 1741
1 12536 12536 12536 -12536 -12536 -12536 0 0 0 0 0 0 0 0 0 0 0 0 1742
2 0 42400 636 0 0 0 0 0 0 0 0 0 10600 5300 1742
4 0 15392 0 0 16765528 0 0 0 0 0 0 0 1742
1 12286 12286 12286 -12286 -12286 -12286 0 0 0 0 0 0 0 0 0 0 0 0 1743
1 12036 12036 12036 -12036 -12036 -12036 0 0 0 0 0 0 0 0 0 0 0 0 1744
2 0 42800 642 0 0 0 0 0 0 0 0 0 10700 5350 1744
4 0 17392 0 0 16766036 0 0 0 0 0 0 0 1744
1 11786 11786 11786 -11786 -11786 -11786 0 0 0 0 0 0 0 0 0 0 0 0 1745
1 11536 11536 11536 -11536 -11536 -11536 0 0 0 0 0 0 0 0 0 0 0 0 1746
2 0 43200 648 0 0 0 0 0 0 0 0 0 10800 5400 1746
4 0 19392 0 0 16766544 0 0 0 0 0 0 0 1746
3 0 1080 0 0 0 0 0 0 0 0 0 1 1 0 0 78 69 1746
1 11286 11286 11286 -11286 -11286 -11286 0 0 0 0 0 0 0 0 0 0 0 0 1747
1 11036 11036 11036 -11036 -11036 -11036 0 0 0 0 0 0 0 0 0 0 0 0 1748
2 0 43600 654 0 0 0 0 0 0 0 0 0 10900 5450 1748
4 0 21392 0 0 16767052 0 0 0 0 0 0 0 1748
1 10786 10786 10786 -10786 -10786 -10786 0 0 0 0 0 0 0 0 0 0 0 0 1749
1 10536 10536 10536 -10536 -10536 -10536 0 0 0 0 0 0 0 0 0 0 0 0 1750
2 0 44000 660 0 0 0 0 0 0 0 0 0 11000 5500 1750
4 0 23392 0 0 16767560 0 0 0 0 0 0 0 1750
1 10286 10286 10286 -10286 -10286 -10286 0 0 0 0 0 0 0 0 0 0 0 0 1751
1 10036 10036 10036 -10036 -10036 -10036 0 0 0 0 0 0 0 0 0 0 0 0 1752
2 0 44400 666 0 0 0 0 0 0 0 0 0 11100 5550 1752
4 0 25392 0 0 16768068 0 0 0 0 0 0 0 1752
3 0 1110 0 0 0 0 0 0 0 0 0 1 1 0 0 78 69 1752
1 9786 9786 9786 -9786 -9786 -9786 0 0 0 0 0 0 0 0 0 0 0 0 1753
1 9536 9536 9536 -9536 -9536 -9536 0 0 0 0 0 0 0 0 0 0 0 0 1754
2 0 44800 672 0 0 0 0 0 0 0 0 0 11200 5600 1754
4 0 27392 0 0 16768576 0 0 0 0 0 0 0 1754
1 9286 9286 9286 -9286 -9286 -9286 0 0 0 0 0 0 0 0 0 0 0 0 1755
1 9036 9036 9036 -9036 -9036 -9036 0 0 0 0 0 0 0 0 0 0 0 0 1756
2 0 45200 678 0 0 0 0 0 0 0 0 0 11300 5650 1756
4 0 29392 0 0 16769084 0 0 0 0 0 0 0 1756
1 8786 8786 8786 -8786 -8786 -8786 0 0 0 0 0 0 0 0 0 0 0 0 1757
1 8536 8536 8536 -8536 -8536 -8536 0 0 0 0 0 0 0 0 0 0 0 0 1758
2 0 45600 684 0 0 0 0 0 0 0 0 0 11400 5700 1758
4 0 31392 0 0 16769592 0 0 0 0 0 0 0 1758
3 0 1140 0 0 0 0 0 0 0 0 0 1 1 0 0 78 69 1758
1 8286 8286 8286 -8286 -8286 -8286 0 0 0 0 0 0 0 0 0 0 0 0 1759
1 8036 8036 8036 -8036 -8036 -8036 0 0 0 0 0 0 0 0 0 0 0 0 1760
2 0 46000 690 0 0 0 0 0 0 0 0 0 11500 5750 1760
4 0 16745072 0 0 16770100 0 0 0 0 0 0 0 1760
1 7786 7786 7786 -7786 -7786 -7786 0 0 0 0 0 0 0 0 0 0 0 0 1761
1 7536 7536 7536 -7536 -7536 -7536 0 0 0 0 0 0 0 0 0 0 0 0 1762
2 0 46400 696 0 0 0 0 0 0 0 0 0 11600 5800 1762
4 0 16747072 0 0 16770608 0 0 0 0 0 0 0 1762
1 7286 7286 7286 -7286 -7286 -7286 0 0 0 0 0 0 0 0 0 0 0 0 1763
1 7036 7036 7036 -7036 -7036 -7036 0 0 0 0 0 0 0 0 0 0 0 0 1764
2 0 46800 702 0 0 0 0 0 0 0 0 0 11700 5850 1764
4 0 16749072 0 0 16771116 0 0 0 0 0 0 0 1764
3 0 1170 0 0 0 0 0 0 0 0 0 1 1 0 0 78 69 1764
1 6786 6786 6786 -6786 -6786 -6786 0 0 0 0 0 0 0 0 0 0 0 0 1765
1 6536 6536 6536 -6536 -6536 -6536 0 0 0 0 0 0 0 0 0 0 0 0 1766
2 0 47200 708 0 0 0 0 0 0 0 0 0 11800 5900 1766
4 0 16751072 0 0 16771624 0 0 0 0 0 0 0 1766
1 6286 6286 6286 -6286 -6286 -6286 0 0 0 0 0 0 0 0 0 0 0 0 1767
1 6036 6036 6036 -6036 -6036 -6036 0 0 0 0 0 0 0 0 0 0 0 0 1768
2 0 47600 714 0 0 0 0 0 0 0 0 0 11900 5950 1768
4 0 16753072 0 0 16772132 0 0 0 0 0 0 0 1768
1 5786 5786 5786 -5786 -5786 -5786 0 0 0 0 0 0 0 0 0 0 0 0 1769
1 5536 5536 5536 -5536 -5536 -5536 0 0 0 0 0 0 0 0 0 0 0 0 1770
2 0 48000 720 0 0 0 0 0 0 0 0 0 12000 6000 1770
4 0 16755072 0 0 16772640 0 0 0 0 0 0 0 1770
3 0 1200 0 0 0 0 0 0 0 0 0 1 1 0 0 78 69 1770
1 5286 5286 5286 -5286 -5286 -5286 0 0 0 0 0 0 0 0 0 0 0 0 1771
1 5036 5036 5036 -5036 -5036 -5036 0 0 0 0 0 0 0 0 0 0 0 0 1772
2 0 48400 726 0 0 0 0 0 0 0 0 0 12100 6050 1772
4 0 16757072 0 0 16773148 0 0 0 0 0 0 0 1772
1 4786 4786 4786 -4786 -4786 -4786 0 0 0 0 0 0 0 0 0 0 0 0 1773
1 4536 4536 4536 -4536 -4536 -4536 0 0 0 0 0 0 0 0 0 0 0 0 1774
2 0 48800 732 0 0 0 0 0 0 0 0 0 12200 6100 1774
4 0 16759072 0 0 16773656 0 0 0 0 0 0 0 1774
1 4286 4286 4286 -4286 -4286 -4286 0 0 0 0 0 0 0 0 0 0 0 0 1775
1 4036 4036 4036 -4036 -4036 -4036 0 0 0 0 0 0 0 0 0 0 0 0 1776
2 0 49200 738 0 0 0 0 0 0 0 0 0 12300 6150 1776
4 0 16761072 0 0 16774164 0 0 0 0 0 0 0 1776
3 0 1230 0 0 0 0 0 0 0 0 0 1 1 0 0 78 69 1776
1 3786 3786 3786 -3786 -3786 -3786 0 0 0 0 0 0 0 0 0 0 0 0 1777
1 3536 3536 3536 -3536 -3536 -3536 0 0 0 0 0 0 0 0 0 0 0 0 1778
2 0 49600 744 0 0 0 0 0 0 0 0 0 12400 6200 1778
4 0 16763072 0 0 16774672 0 0 0 0 0 0 0 1778
1 3286 3286 3286 -3286 -3286 -3286 0 0 0 0 0 0 0 0 0 0 0 0 1779
1 3036 3036 3036 -3036 -3036 -3036 0 0 0 0 0 0 0 0 0 0 0 0 1780
2 0 50000 750 0 0 0 0 0 0 0 0 0 12500 6250 1780
4 0 16765072 0 0 16775180 0 0 0 0 0 0 0 1780
1 2786 2786 2786 -2786 -2786 -2786 0 0 0 0 0 0 0 0 0 0 0 0 1781
1 2536 2536 2536 -2536 -2536 -2536 0 0 0 0 0 0 0 0 0 0 0 0 1782
2 0 50400 756 0 0 0 0 0 0 0 0 0 12600 6300 1782
4 0 16767072 0 0 16775688 0 0 0 0 0 0 0 1782
3 0 1260 0 0 0 0 0 0 0 0 0 1 1 0 0 78 69 1782
1 2286 2286 2286 -2286 -2286 -2286 0 0 0 0 0 0 0 0 0 0 0 0 1783
1 2036 2036 2036 -2036 -2036 -2036 0 0 0 0 0 0 0 0 0 0 0 0 1784
2 0 50800 762 0 0 0 0 0 0 0 0 0 12700 6350 1784
4 0 16769072 0 0 16776196 0 0 0 0 0 0 0 1784
1 1786 1786 1786 -1786 -1786 -1786 0 0 0 0 0 0 0 0 0 0 0 0 1785
1 -250 -250 -250 250 250 250 0 0 0 0 0 0 0 0 0 0 0 0 1786
2 0 200 3 0 0 0 0 0 0 0 0 0 50 25 1786
4 0 1000 0 0 254 0 0 0 0 0 0 0 1786
1 -500 -500 -500 500 500 500 0 0 0 0 0 0 0 0 0 0 0 0 1787
1 -750 -750 -750 750 750 750 0 0 0 0 0 0 0 0 0 0 0 0 1788
2 0 600 9 0 0 0 0 0 0 0 0 0 150 75 1788
4 0 3000 0 0 762 0 0 0 0 0 0 0 1788
3 0 15 0 0 0 0 0 0 0 0 1 0 0 0 0 78 69 1788
1 -1000 -1000 -1000 1000 1000 1000 0 0 0 0 0 0 0 0 0 0 0 0 1789
1 -1250 -1250 -1250 1250 1250 1250 0 0 0 0 0 0 0 0 0 0 0 0 1790
2 0 1000 15 0 0 0 0 0 0 0 0 0 250 125 1790
4 0 5000 0 0 1270 0 0 0 0 0 0 0 1790
1 -1500 -1500 -1500 1500 1500 1500 0 0 0 0 0 0 0 0 0 0 0 0 1791
1 -1750 -1750 -1750 1750 1750 1750 0 0 0 0 0 0 0 0 0 0 0 0 1792
2 0 1400 21 0 0 0 0 0 0 0 0 0 350 175 1792
4 0 7000 0 0 1778 0 0 0 0 0 0 0 1792
1 -2000 -2000 -2000 2000 2000 2000 0 0 0 0 0 0 0 0 0 0 0 0 1793
1 -2250 -2250 -2250 2250 2250 2250 0 0 0 0 0 0 0 0 0 0 0 0 1794
2 0 1800 27 0 0 0 0 0 0 0 0 0 450 225 1794
4 0 9000 0 0 2286 0 0 0 0 0 0 0 1794
3 0 45 0 0 0 0 0 0 0 0 1 0 0 0 0 78 69 1794
1 -2500 -2500 -2500 2500 2500 2500 0 0 0 0 0 0 0 0 0 0 0 0 1795
1 -2750 -2750 -2750 2750 2750 2750 0 0 0 0 0 0 0 0 0 0 0 0 1796
2 0 2200 33 0 0 0 0 0 0 0 0 0 550 275 1796
4 0 11000 0 0 2794 0 0 0 0 0 0 0 1796
1 -3000 -3000 -3000 3000 3000 3000 0 0 0 0 0 0 0 0 0 0 0 0 1797
1 -3250 -3250 -3250 3250 3250 3250 0 0 0 0 0 0 0 0 0 0 0 0 1798
2 0 2600 39 0 0 0 0 0 0 0 0 0 650 325 1798
4 0 13000 0 0 3302 0 0 0 0 0 0 0 1798
1 -3500 -3500 -3500 3500 3500 3500 0 0 0 0 0 0 0 0 0 0 0 0 1799
1 -3750 -3750 -3750 3750 3750 3750 0 0 0 0 0 0 0 0 0 0 0 0 1800
2 0 3000 45 0 0 0 0 0 0 0 0 0 750 375 1800
4 0 15000 0 0 3810 0 0 0 0 0 0 0 1800
3 0 75 0 0 0 0 0 0 0 0 1 0 0 0 0 78 69 1800
1 -4000 -4000 -4000 4000 4000 4000 0 0 0 0 0 0 0 0 0 0 0 0 1801
1 -4250 -4250 -4250 4250 4250 4250 0 0 0 0 0 0 0 0 0 0 0 0 1802
2 0 3400 51 0 0 0 0 0 0 0 0 0 850 425 1802
4 0 17000 0 0 4318 0 0 0 0 0 0 0 1802
1 -4500 -4500 -4500 4500 4500 4500 0 0 0 0 0 0 0 0 0 0 0 0 1803
1 -4750 -4750 -4750 4750 4750 4750 0 0 0 0 0 0 0 0 0 0 0 0 1804
2 0 3800 57 0 0 0 0 0 0 0 0 0 950 475 1804
4 0 19000 0 0 4826 0 0 0 0 0 0 0 1804
1 -5000 -5000 -5000 5000 5000 5000 0 0 0 0 0 0 0 0 0 0 0 0 1805
1 -5250 -5250 -5250 5250 5250 5250 0 0 0 0 0 0 0 0 0 0 0 0 1806
2 0 4200 63 0 0 0 0 0 0 0 0 0 1050 525 1806
4 0 21000 0 0 5334 0 0 0 0 0 0 0 1806
3 0 105 0 0 0 0 0 0 0 0 1 0 0 0 0 78 69 1806
1 -5500 -5500 -5500 5500 5500 5500 0 0 0 0 0 0 0 0 0 0 0 0 1807
1 -5750 -5750 -5750 5750 5750 5750 0 0 0 0 0 0 0 0 0 0 0 0 1808
2 0 4600 69 0 0 0 0 0 0 0 0 0 1150 575 1808
4 0 23000 0 0 5842 0 0 0 0 0 0 0 1808
1 -6000 -6000 -6000 6000 6000 6000 0 0 0 0 0 0 0 0 0 0 0 0 1809
1 -6250 -6250 -6250 6250 6250 6250 0 0 0 0 0 0 0 0 0 0 0 0 1810
2 0 5000 75 0 0 0 0 0 0 0 0 0 1250 625 1810
4 0 25000 0 0 6350 0 0 0 0 0 0 0 1810
1 -6500 -6500 -6500 6500 6500 6500 0 0 0 0 0 0 0 0 0 0 0 0 1811
1 -6750 -6750 -6750 6750 6750 6750 0 0 0 0 0 0 0 0 0 0 0 0 1812
2 0 5400 81 0 0 0 0 0 0 0 0 0 1350 675 1812
4 0 27000 0 0 6858 0 0 0 0 0 0 0 1812
3 0 135 0 0 0 0 0 0 0 0 1 0 0 0 0 78 69 1812
1 -7000 -7000 -7000 7000 7000 7000 0 0 0 0 0 0 0 0 0 0 0 0 1813
1 -7250 -7250 -7250 7250 7250 7250 0 0 0 0 0 0 0 0 0 0 0 0 1814
2 0 5800 87 0 0 0 0 0 0 0 0 0 1450 725 1814
4 0 29000 0 0 7366 0 0 0 0 0 0 0 1814
1 -7500 -7500 -7500 7500 7500 7500 0 0 0 0 0 0 0 0 0 0 0 0 1815
1 -7750 -7750 -7750 7750 7750 7750 0 0 0 0 0 0 0 0 0 0 0 0 1816
2 0 6200 93 0 0 0 0 0 0 0 0 0 1550 775 1816
4 0 31000 0 0 7874 0 0 0 0 0 0 0 1816
1 -8000 -8000 -8000 8000 8000 8000 0 0 0 0 0 0 0 0 0 0 0 0 1817
1 -8250 -8250 -8250 8250 8250 8250 0 0 0 0 0 0 0 0 0 0 0 0 1818
2 0 6600 99 0 0 0 0 0 0 0 0 0 1650 825 1818
4 0 16744680 0 0 8382 0 0 0 0 0 0 0 1818
3 0 165 0 0 0 0 0 0 0 0 1 0 0 0 0 78 69 1818
1 -8500 -8500 -8500 8500 8500 8500 0 0 0 0 0 0 0 0 0 0 0 0 1819
1 -8750 -8750 -8750 8750 8750 8750 0 0 0 0 0 0 0 0 0 0 0 0 1820
2 0 7000 105 0 0 0 0 0 0 0 0 0 1750 875 1820
4 0 16746680 0 0 8890 0 0 0 0 0 0 0 1820
1 -9000 -9000 -9000 9000 9000 9000 0 0 0 0 0 0 0 0 0 0 0 0 1821
1 -9250 -9250 -9250 9250 9250 9250 0 0 0 0 0 0 0 0 0 0 0 0 1822
2 0 7400 111 0 0 0 0 0 0 0 0 0 1850 925 1822
4 0 16748680 0 0 9398 0 0 0 0 0 0 0 1822
1 -9500 -9500 -9500 9500 9500 9500 0 0 0 0 0 0 0 0 0 0 0 0 1823
1 -9750 -9750 -9750 9750 9750 9750 0 0 0 0 0 0 0 0 0 0 0 0 1824
2 0 7800 117 0 0 0 0 0 0 0 0 0 1950 975 1824
4 0 16750680 0 0 9906 0 0 0 0 0 0 0 1824
3 0 195 0 0 0 0 0 0 0 0 1 0 0 0 0 78 69 1824
1 -10000 -10000 -10000 10000 10000 10000 0 0 0 0 0 0 0 0 0 0 0 0 1825
1 -10250 -10250 -10250 10250 10250 10250 0 0 0 0 0 0 0 0 0 0 0 0 1826
2 0 8200 123 0 0 0 0 0 0 0 0 0 2050 1025 1826
4 0 16752680 0 0 10414 0 0 0 0 0 0 0 1826
1 -10500 -10500 -10500 10500 10500 10500 0 0 0 0 0 0 0 0 0 0 0 0 1827
1 -10750 -10750 -10750 10750 10750 10750 0 0 0 0 0 0 0 0 0 0 0 0 1828
2 0 8600 129 0 0 0 0 0 0 0 0 0 2150 1075 1828
4 0 16754680 0 0 10922 0 0 0 0 0 0 0 1828
1 -11000 -11000 -11000 11000 11000 11000 0 0 0 0 0 0 0 0 0 0 0 0 1829
1 -11250 -11250 -11250 11250 11250 11250 0 0 0 0 0 0 0 0 0 0 0 0 1830
2 0 9000 135 0 0 0 0 0 0 0 0 0 2250 1125 1830
4 0 16756680 0 0 11430 0 0 0 0 0 0 0 1830
3 0 225 0 0 0 0 0 0 0 0 1 0 0 0 0 78 69 1830
1 -11500 -11500 -11500 11500 11500 11500 0 0 0 0 0 0 0 0 0 0 0 0 1831
1 -11750 -11750 -11750 11750 11750 11750 0 0 0 0 0 0 0 0 0 0 0 0 1832
2 0 9400 141 0 0 0 0 0 0 0 0 0 2350 1175 1832
4 0 16758680 0 0 11938 0 0 0 0 0 0 0 1832
1 -12000 -12000 -12000 12000 12000 12000 0 0 0 0 0 0 0 0 0 0 0 0 1833
1 -12250 -12250 -12250 12250 12250 12250 0 0 0 0 0 0 0 0 0 0 0 0 1834
2 0 9800 147 0 0 0 0 0 0 0 0 0 2450 1225 1834
4 0 16760680 0 0 12446 0 0 0 0 0 0 0 1834
1 -12500 -12500 -12500 12500 12500 12500 0 0 0 0 0 0 0 0 0 0 0 0 1835
1 -12750 -12750 -12750 12750 12750 12750 0 0 0 0 0 0 0 0 0 0 0 0 1836
2 0 10200 153 0 0 0 0 0 0 0 0 0 2550 1275 1836
4 0 16762680 0 0 12954 0 0 0 0 0 0 0 1836
3 0 255 0 0 0 0 0 0 0 0 1 0 0 0 0 78 69 1836
1 -13000 -13000 -13000 13000 13000 13000 0 0 0 0 0 0 0 0 0 0 0 0 1837
1 -13250 -13250 -13250 13250 13250 13250 0 0 0 0 0 0 0 0 0 0 0 0 1838
2 0 10600 159 0 0 0 0 0 0 0 0 0 2650 1325 1838
4 0 16764680 0 0 13462 0 0 0 0 0 0 0 1838
1 -13500 -13500 -13500 13500 13500 13500 0 0 0 0 0 0 0 0 0 0 0 0 1839
1 -13750 -13750 -13750 13750 13750 13750 0 0 0 0 0 0 0 0 0 0 0 0 1840
2 0 11000 165 0 0 0 0 0 0 0 0 0 2750 1375 1840
4 0 16766680 0 0 13970 0 0 0 0 0 0 0 1840
1 -14000 -14000 -14000 14000 14000 14000 0 0 0 0 0 0 0 0 0 0 0 0 1841
1 -14250 -14250 -14250 14250 14250 14250 0 0 0 0 0 0 0 0 0 0 0 0 1842
2 0 11400 171 0 0 0 0 0 0 0 0 0 2850 1425 1842
4 0 16768680 0 0 14478 0 0 0 0 0 0 0 1842
3 0 285 0 0 0 0 0 0 0 0 1 0 0 0 0 78 69 1842
1 -14500 -14500 -14500 14500 14500 14500 0 0 0 0 0 0 0 0 0 0 0 0 1843
1 -14750 -14750 -14750 14750 14750 14750 0 0 0 0 0 0 0 0 0 0 0 0 1844
2 0 11800 177 0 0 0 0 0 0 0 0 0 2950 1475 1844
4 0 16770680 0 0 14986 0 0 0 0 0 0 0 1844
1 -15000 -15000 -15000 15000 15000 15000 0 0 0 0 0 0 0 0 0 0 0 0 1845
1 -15250 -15250 -15250 15250 15250 15250 0 0 0 0 0 0 0 0 0 0 0 0 1846
2 0 12200 183 0 0 0 0 0 0 0 0 0 3050 1525 1846
4 0 16772680 0 0 15494 0 0 0 0 0 0 0 1846
1 -15500 -15500 -15500 15500 15500 15500 0 0 0 0 0 0 0 0 0 0 0 0 1847
1 -15750 -15750 -15750 15750 15750 15750 0 0 0 0 0 0 0 0 0 0 0 0 1848
2 0 12600 189 0 0 0 0 0 0 0 0 0 3150 1575 1848
4 0 16774680 0 0 16002 0 0 0 0 0 0 0 1848
3 0 315 0 0 0 0 0 0 0 0 1 0 0 0 0 78 69 1848
1 -16000 -16000 -16000 16000 16000 16000 0 0 0 0 0 0 0 0 0 0 0 0 1849
1 -16250 -16250 -16250 16250 16250 16250 0 0 0 0 0 0 0 0 0 0 0 0 1850
2 0 13000 195 0 0 0 0 0 0 0 0 0 3250 1625 1850
4 0 16776680 0 0 16510 0 0 0 0 0 0 0 1850
1 -16500 -16500 -16500 16500 16500 16500 0 0 0 0 0 0 0 0 0 0 0 0 1851
1 -16750 -16750 -16750 16750 16750 16750 0 0 0 0 0 0 0 0 0 0 0 0 1852
2 0 13400 201 0 0 0 0 0 0 0 0 0 3350 1675 1852
4 0 1464 0 0 17018 0 0 0 0 0 0 0 1852
1 -17000 -17000 -17000 17000 17000 17000 0 0 0 0 0 0 0 0 0 0 0 0 1853
1 -17250 -17250 -17250 17250 17250 17250 0 0 0 0 0 0 0 0 0 0 0 0 1854
2 0 13800 207 0 0 0 0 0 0 0 0 0 3450 1725 1854
4 0 3464 0 0 17526 0 0 0 0 0 0 0 1854
3 0 345 0 0 0 0 0 0 0 0 1 0 0 0 0 78 69 1854
1 -17500 -17500 -17500 17500 17500 17500 0 0 0 0 0 0 0 0 0 0 0 0 1855
1 -17750 -17750 -17750 17750 17750 17750 0 0 0 0 0 0 0 0 0 0 0 0 1856
2 0 14200 213 0 0 0 0 0 0 0 0 0 3550 1775 1856
4 0 5464 0 0 18034 0 0 0 0 0 0 0 1856
1 -18000 -18000 -18000 18000 18000 18000 0 0 0 0 0 0 0 0 0 0 0 0 1857
1 -18250 -18250 -18250 18250 18250 18250 0 0 0 0 0 0 0 0 0 0 0 0 1858
2 0 14600 219 0 0 0 0 0 0 0 0 0 3650 1825 1858
4 0 7464 0 0 18542 0 0 0 0 0 0 0 1858
1 -18500 -18500 -18500 18500 18500 18500 0 0 0 0 0 0 0 0 0 0 0 0 1859
1 -18750 -18750 -18750 18750 18750 18750 0 0 0 0 0 0 0 0 0 0 0 0 1860
2 0 15000 225 0 0 0 0 0 0 0 0 0 3750 1875 1860
4 0 9464 0 0 19050 0 0 0 0 0 0 0 1860
3 0 375 0 0 0 0 0 0 0 0 1 0 0 0 0 78 69 1860
1 -19000 -19000 -19000 19000 19000 19000 0 0 0 0 0 0 0 0 0 0 0 0 1861
1 -19250 -19250 -19250 19250 19250 19250 0 0 0 0 0 0 0 0 0 0 0 0 1862
2 0 15400 231 0 0 0 0 0 0 0 0 0 3850 1925 1862
4 0 11464 0 0 19558 0 0 0 0 0 0 0 1862
1 -19500 -19500 -19500 19500 19500 19500 0 0 0 0 0 0 0 0 0 0 0 0 1863
1 -19750 -19750 -19750 19750 19750 19750 0 0 0 0 0 0 0 0 0 0 0 0 1864
2 0 15800 237 0 0 0 0 0 0 0 0 0 3950 1975 1864
4 0 13464 0 0 20066 0 0 0 0 0 0 0 1864
1 -20000 -20000 -20000 20000 20000 20000 0 0 0 0 0 0 0 0 0 0 0 0 1865
1 -20250 -20250 -20250 20250 20250 20250 0 0 0 0 0 0 0 0 0 0 0 0 1866
2 0 16200 243 0 0 0 0 0 0 0 0 0 4050 2025 1866
4 0 15464 0 0 20574 0 0 0 0 0 0 0 1866
3 0 405 0 0 0 0 0 0 0 0 1 0 0 0 0 78 69 1866
1 -20500 -20500 -20500 20500 20500 20500 0 0 0 0 0 0 0 0 0 0 0 0 1867
1 -20750 -20750 -20750 20750 20750 20750 0 0 0 0 0 0 0 0 0 0 0 0 1868
2 0 16600 249 0 0 0 0 0 0 0 0 0 4150 2075 1868
4 0 17464 0 0 21082 0 0 0 0 0 0 0 1868
1 -21000 -21000 -21000 21000 21000 21000 0 0 0 0 0 0 0 0 0 0 0 0 1869
1 -21250 -21250 -21250 21250 21250 21250 0 0 0 0 0 0 0 0 0 0 0 0 1870
2 0 17000 255 0 0 0 0 0 0 0 0 0 4250 2125 1870
4 0 19464 0 0 21590 0 0 0 0 0 0 0 1870
1 -21500 -21500 -21500 21500 21500 21500 0 0 0 0 0 0 0 0 0 0 0 0 1871
1 -21750 -21750 -21750 21750 21750 21750 0 0 0 0 0 0 0 0 0 0 0 0 1872
2 0 17400 261 0 0 0 0 0 0 0 0 0 4350 2175 1872
4 0 21464 0 0 22098 0 0 0 0 0 0 0 1872
3 0 435 0 0 0 0 0 0 0 0 1 0 0 0 0 78 69 1872
1 -22000 -22000 -22000 22000 22000 22000 0 0 0 0 0 0 0 0 0 0 0 0 1873
1 -22250 -22250 -22250 22250 22250 22250 0 0 0 0 0 0 0 0 0 0 0 0 1874
2 0 17800 267 0 0 0 0 0 0 0 0 0 4450 2225 1874
4 0 23464 0 0 22606 0 0 0 0 0 0 0 1874
1 -22500 -22500 -22500 22500 22500 22500 0 0 0 0 0 0 0 0 0 0 0 0 1875
1 -22750 -22750 -22750 22750 22750 22750 0 0 0 0 0 0 0 0 0 0 0 0 1876
2 0 18200 273 0 0 0 0 0 0 0 0 0 4550 2275 1876
4 0 25464 0 0 23114 0 0 0 0 0 0 0 1876
1 -23000 -23000 -23000 23000 23000 23000 0 0 0 0 0 0 0 0 0 0 0 0 1877
1 -23250 -23250 -23250 23250 23250 23250 0 0 0 0 0 0 0 0 0 0 0 0 1878
2 0 18600 279 0 0 0 0 0 0 0 0 0 4650 2325 1878
4 0 27464 0 0 23622 0 0 0 0 0 0 0 1878
3 0 465 0 0 0 0 0 0 0 0 1 0 0 0 0 78 69 1878
1 -23500 -23500 -23500 23500 23500 23500 0 0 0 0 0 0 0 0 0 0 0 0 1879
1 -23750 -23750 -23750 23750 23750 23750 0 0 0 0 0 0 0 0 0 0 0 0 1880
2 0 19000 285 0 0 0 0 0 0 0 0 0 4750 2375 1880
4 0 29464 0 0 24130 0 0 0 0 0 0 0 1880
1 -24000 -24000 -24000 24000 24000 24000 0 0 0 0 0 0 0 0 0 0 0 0 1881
1 -24250 -24250 -24250 24250 24250 24250 0 0 0 0 0 0 0 0 0 0 0 0 1882
2 0 19400 291 0 0 0 0 0 0 0 0 0 4850 2425 1882
4 0 31464 0 0 24638 0 0 0 0 0 0 0 1882
1 -24500 -24500 -24500 24500 24500 24500 0 0 0 0 0 0 0 0 0 0 0 0 1883
1 -24750 -24750 -24750 24750 24750 24750 0 0 0 0 0 0 0 0 0 0 0 0 1884
2 0 19800 297 0 0 0 0 0 0 0 0 0 4950 2475 1884
4 0 16745144 0 0 25146 0 0 0 0 0 0 0 1884
3 0 495 0 0 0 0 0 0 0 0 1 0 0 0 0 78 69 1884
1 -25000 -25000 -25000 25000 25000 25000 0 0 0 0 0 0 0 0 0 0 0 0 1885
1 -25250 -25250 -25250 25250 25250 25250 0 0 0 0 0 0 0 0 0 0 0 0 1886
2 0 20200 303 0 0 0 0 0 0 0 0 0 5050 2525 1886
4 0 16747144 0 0 25654 0 0 0 0 0 0 0 1886
1 -25500 -25500 -25500 25500 25500 25500 0 0 0 0 0 0 0 0 0 0 0 0 1887
1 -25750 -25750 -25750 25750 25750 25750 0 0 0 0 0 0 0 0 0 0 0 0 1888
2 0 20600 309 0 0 0 0 0 0 0 0 0 5150 2575 1888
4 0 16749144 0 0 26162 0 0 0 0 0 0 0 1888
1 -26000 -26000 -26000 26000 26000 26000 0 0 0 0 0 0 0 0 0 0 0 0 1889
1 -26250 -26250 -26250 26250 26250 26250 0 0 0 0 0 0 0 0 0 0 0 0 1890
2 0 21000 315 0 0 0 0 0 0 0 0 0 5250 2625 1890
4 0 16751144 0 0 26670 0 0 0 0 0 0 0 1890
3 0 525 0 0 0 0 0 0 0 0 1 0 0 0 0 78 69 1890
1 -26500 -26500 -26500 26500 26500 26500 0 0 0 0 0 0 0 0 0 0 0 0 1891
1 -26750 -26750 -26750 26750 26750 26750 0 0 0 0 0 0 0 0 0 0 0 0 1892
2 0 21400 321 0 0 0 0 0 0 0 0 0 5350 2675 1892
4 0 16753144 0 0 27178 0 0 0 0 0 0 0 1892
1 -27000 -27000 -27000 27000 27000 27000 0 0 0 0 0 0 0 0 0 0 0 0 1893
1 -27250 -27250 -27250 27250 27250 27250 0 0 0 0 0 0 0 0 0 0 0 0 1894
2 0 21800 327 0 0 0 0 0 0 0 0 0 5450 2725 1894
4 0 16755144 0 0 27686 0 0 0 0 0 0 0 1894
1 -27500 -27500 -27500 27500 27500 27500 0 0 0 0 0 0 0 0 0 0 0 0 1895
1 -27750 -27750 -27750 27750 27750 27750 0 0 0 0 0 0 0 0 0 0 0 0 1896
2 0 22200 333 0 0 0 0 0 0 0 0 0 5550 2775 1896
4 0 16757144 0 0 28194 0 0 0 0 0 0 0 1896
3 0 555 0 0 0 0 0 0 0 0 1 0 0 0 0 78 69 1896
1 -28000 -28000 -28000 28000 28000 28000 0 0 0 0 0 0 0 0 0 0 0 0 1897
1 -28250 -28250 -28250 28250 28250 28250 0 0 0 0 0 0 0 0 0 0 0 0 1898
2 0 22600 339 0 0 0 0 0 0 0 0 0 5650 2825 1898
4 0 16759144 0 0 28702 0 0 0 0 0 0 0 1898
1 -28500 -28500 -28500 28500 28500 28500 0 0 0 0 0 0 0 0 0 0 0 0 1899
1 -28750 -28750 -28750 28750 28750 28750 0 0 0 0 0 0 0 0 0 0 0 0 1900
2 0 23000 345 0 0 0 0 0 0 0 0 0 5750 2875 1900
4 0 16761144 0 0 29210 0 0 0 0 0 0 0 1900
1 -29000 -29000 -29000 29000 29000 29000 0 0 0 0 0 0 0 0 0 0 0 0 1901
1 -29250 -29250 -29250 29250 29250 29250 0 0 0 0 0 0 0 0 0 0 0 0 1902
2 0 23400 351 0 0 0 0 0 0 0 0 0 5850 2925 1902
4 0 16763144 0 0 29718 0 0 0 0 0 0 0 1902
3 0 585 0 0 0 0 0 0 0 0 1 0 0 0 0 78 69 1902
1 -29500 -29500 -29500 29500 29500 29500 0 0 0 0 0 0 0 0 0 0 0 0 1903
1 -29750 -29750 -29750 29750 29750 29750 0 0 0 0 0 0 0 0 0 0 0 0 1904
2 0 23800 357 0 0 0 0 0 0 0 0 0 5950 2975 1904
4 0 16765144 0 0 30226 0 0 0 0 0 0 0 1904
1 -30000 -30000 -30000 30000 30000 30000 0 0 0 0 0 0 0 0 0 0 0 0 1905
1 -30250 -30250 -30250 30250 30250 30250 0 0 0 0 0 0 0 0 0 0 0 0 1906
2 0 24200 363 0 0 0 0 0 0 0 0 0 6050 3025 1906
4 0 16767144 0 0 30734 0 0 0 0 0 0 0 1906
1 -30500 -30500 -30500 30500 30500 30500 0 0 0 0 0 0 0 0 0 0 0 0 1907
1 -30750 -30750 -30750 30750 30750 30750 0 0 0 0 0 0 0 0 0 0 0 0 1908
2 0 24600 369 0 0 0 0 0 0 0 0 0 6150 3075 1908
4 0 16769144 0 0 31242 0 0 0 0 0 0 0 1908
3 0 615 0 0 0 0 0 0 0 0 0 1 1 0 0 78 69 1908
1 -31000 -31000 -31000 31000 31000 31000 0 0 0 0 0 0 0 0 0 0 0 0 1909
1 -31250 -31250 -31250 31250 31250 31250 0 0 0 0 0 0 0 0 0 0 0 0 1910
2 0 25000 375 0 0 0 0 0 0 0 0 0 6250 3125 1910
4 0 16771144 0 0 31750 0 0 0 0 0 0 0 1910
1 -31500 -31500 -31500 31500 31500 31500 0 0 0 0 0 0 0 0 0 0 0 0 1911
1 -31750 -31750 -31750 31750 31750 31750 0 0 0 0 0 0 0 0 0 0 0 0 1912
2 0 25400 381 0 0 0 0 0 0 0 0 0 6350 3175 1912
4 0 16773144 0 0 32258 0 0 0 0 0 0 0 1912
1 -32000 -32000 -32000 32000 32000 32000 0 0 0 0 0 0 0 0 0 0 0 0 1913
1 -32250 -32250 -32250 32250 32250 32250 0 0 0 0 0 0 0 0 0 0 0 0 1914
2 0 25800 387 0 0 0 0 0 0 0 0 0 6450 3225 1914
4 0 16775144 0 0 32766 0 0 0 0 0 0 0 1914
3 0 645 0 0 0 0 0 0 0 0 0 1 1 0 0 78 69 1914
1 -32500 -32500 -32500 32500 32500 32500 0 0 0 0 0 0 0 0 0 0 0 0 1915
1 -32750 -32750 -32750 32750 32750 32750 0 0 0 0 0 0 0 0 0 0 0 0 1916
2 0 26200 393 0 0 0 0 0 0 0 0 0 6550 3275 1916
4 0 16777144 0 0 16744954 0 0 0 0 0 0 0 1916
1 32536 32536 32536 -32536 -32536 -32536 0 0 0 0 0 0 0 0 0 0 0 0 1917
1 32286 32286 32286 -32286 -32286 -32286 0 0 0 0 0 0 0 0 0 0 0 0 1918
2 0 26600 399 0 0 0 0 0 0 0 0 0 6650 3325 1918
4 0 1928 0 0 16745462 0 0 0 0 0 0 0 1918
1 32036 32036 32036 -32036 -32036 -32036 0 0 0 0 0 0 0 0 0 0 0 0 1919
1 31786 31786 31786 -31786 -31786 -31786 0 0 0 0 0 0 0 0 0 0 0 0 1920
2 0 27000 405 0 0 0 0 0 0 0 0 0 6750 3375 1920
4 0 3928 0 0 16745970 0 0 0 0 0 0 0 1920
3 0 675 0 0 0 0 0 0 0 0 0 1 1 0 0 78 69 1920
1 31536 31536 31536 -31536 -31536 -31536 0 0 0 0 0 0 0 0 0 0 0 0 1921
1 31286 31286 31286 -31286 -31286 -31286 0 0 0 0 0 0 0 0 0 0 0 0 1922
2 0 27400 411 0 0 0 0 0 0 0 0 0 6850 3425 1922
4 0 5928 0 0 16746478 0 0 0 0 0 0 0 1922
1 31036 31036 31036 -31036 -31036 -31036 0 0 0 0 0 0 0 0 0 0 0 0 1923
1 30786 30786 30786 -30786 -30786 -30786 0 0 0 0 0 0 0 0 0 0 0 0 1924
2 0 27800 417 0 0 0 0 0 0 0 0 0 6950 3475 1924
4 0 7928 0 0 16746986 0 0 0 0 0 0 0 1924
1 30536 30536 30536 -30536 -30536 -30536 0 0 0 0 0 0 0 0 0 0 0 0 1925
1 30286 30286 30286 -30286 -30286 -30286 0 0 0 0 0 0 0 0 0 0 0 0 1926
2 0 28200 423 0 0 0 0 0 0 0 0 0 7050 3525 1926
4 0 9928 0 0 16747494 0 0 0 0 0 0 0 1926
3 0 705 0 0 0 0 0 0 0 0 0 1 1 0 0 78 69 1926
1 30036 30036 30036 -30036 -30036 -30036 0 0 0 0 0 0 0 0 0 0 0 0 1927
1 29786 29786 29786 -29786 -29786 -29786 0 0 0 0 0 0 0 0 0 0 0 0 1928
2 0 28600 429 0 0 0 0 0 0 0 0 0 7150 3575 1928
4 0 11928 0 0 16748002 0 0 0 0 0 0 0 1928
1 29536 29536 29536 -29536 -29536 -29536 0 0 0 0 0 0 0 0 0 0 0 0 1929
1 29286 29286 29286 -29286 -29286 -29286 0 0 0 0 0 0 0 0 0 0 0 0 1930
2 0 29000 435 0 0 0 0 0 0 0 0 0 7250 3625 1930
4 0 13928 0 0 16748510 0 0 0 0 0 0 0 1930
1 29036 29036 29036 -29036 -29036 -29036 0 0 0 0 0 0 0 0 0 0 0 0 1931
1 28786 28786 28786 -28786 -28786 -28786 0 0 0 0 0 0 0 0 0 0 0 0 1932
2 0 29400 441 0 0 0 0 0 0 0 0 0 7350 3675 1932
4 0 15928 0 0 16749018 0 0 0 0 0 0 0 1932
3 0 735 0 0 0 0 0 0 0 0 0 1 1 0 0 78 69 1932
1 28536 28536 28536 -28536 -28536 -28536 0 0 0 0 0 0 0 0 0 0 0 0 1933
1 28286 28286 28286 -28286 -28286 -28286 0 0 0 0 0 0 0 0 0 0 0 0 1934
2 0 29800 447 0 0 0 0 0 0 0 0 0 7450 3725 1934
4 0 17928 0 0 16749526 0 0 0 0 0 0 0 1934
1 28036 28036 28036 -28036 -28036 -28036 0 0 0 0 0 0 0 0 0 0 0 0 1935
1 27786 27786 27786 -27786 -27786 -27786 0 0 0 0 0 0 0 0 0 0 0 0 1936
2 0 30200 453 0 0 0 0 0 0 0 0 0 7550 3775 1936
4 0 19928 0 0 16750034 0 0 0 0 0 0 0 1936
1 27536 27536 27536 -27536 -27536 -27536 0 0 0 0 0 0 0 0 0 0 0 0 1937
1 27286 27286 27286 -27286 -27286 -27286 0 0 0 0 0 0 0 0 0 0 0 0 1938
2 0 30600 459 0 0 0 0 0 0 0 0 0 7650 3825 1938
4 0 21928 0 0 16750542 0 0 0 0 0 0 0 1938
3 0 765 0 0 0 0 0 0 0 0 0 1 1 0 0 78 69 1938
1 27036 27036 27036 -27036 -27036 -27036 0 0 0 0 0 0 0 0 0 0 0 0 1939
1 26786 26786 26786 -26786 -26786 -26786 0 0 0 0 0 0 0 0 0 0 0 0 1940
2 0 31000 465 0 0 0 0 0 0 0 0 0 7750 3875 1940
4 0 23928 0 0 16751050 0 0 0 0 0 0 0 1940
1 26536 26536 26536 -26536 -26536 -26536 0 0 0 0 0 0 0 0 0 0 0 0 1941
1 26286 26286 26286 -26286 -26286 -26286 0 0 0 0 0 0 0 0 0 0 0 0 1942
2 0 31400 471 0 0 0 0 0 0 0 0 0 7850 3925 1942
4 0 25928 0 0 16751558 0 0 0 0 0 0 0 1942
1 26036 26036 26036 -26036 -26036 -26036 0 0 0 0 0 0 0 0 0 0 0 0 1943
1 25786 25786 25786 -25786 -25786 -25786 0 0 0 0 0 0 0 0 0 0 0 0 1944
2 0 31800 477 0 0 0 0 0 0 0 0 0 7950 3975 1944
4 0 27928 0 0 16752066 0 0 0 0 0 0 0 1944
3 0 795 0 0 0 0 0 0 0 0 0 1 1 0 0 78 69 1944
1 25536 25536 25536 -25536 -25536 -25536 0 0 0 0 0 0 0 0 0 0 0 0 1945
1 25286 25286 25286 -25286 -25286 -25286 0 0 0 0 0 0 0 0 0 0 0 0 1946
2 0 32200 483 0 0 0 0 0 0 0 0 0 8050 4025 1946
4 0 29928 0 0 16752574 0 0 0 0 0 0 0 1946
1 25036 25036 25036 -25036 -25036 -25036 0 0 0 0 0 0 0 0 0 0 0 0 1947
1 24786 24786 24786 -24786 -24786 -24786 0 0 0 0 0 0 0 0 0 0 0 0 1948
2 0 32600 489 0 0 0 0 0 0 0 0 0 8150 4075 1948
4 0 31928 0 0 16753082 0 0 0 0 0 0 0 1948
1 24536 24536 24536 -24536 -24536 -24536 0 0 0 0 0 0 0 0 0 0 0 0 1949
1 24286 24286 24286 -24286 -24286 -24286 0 0 0 0 0 0 0 0 0 0 0 0 1950
2 0 33000 495 0 0 0 0 0 0 0 0 0 8250 4125 1950
4 0 16745608 0 0 16753590 0 0 0 0 0 0 0 1950
3 0 825 0 0 0 0 0 0 0 0 0 1 1 0 0 78 69 1950
1 24036 24036 24036 -24036 -24036 -24036 0 0 0 0 0 0 0 0 0 0 0 0 1951
1 23786 23786 23786 -23786 -23786 -23786 0 0 0 0 0 0 0 0 0 0 0 0 1952
2 0 33400 501 0 0 0 0 0 0 0 0 0 8350 4175 1952
4 0 16747608 0 0 16754098 0 0 0 0 0 0 0 1952
1 23536 23536 23536 -23536 -23536 -23536 0 0 0 0 0 0 0 0 0 0 0 0 1953
1 23286 23286 23286 -23286 -23286 -23286 0 0 0 0 0 0 0 0 0 0 0 0 1954
2 0 33800 507 0 0 0 0 0 0 0 0 0 8450 4225 1954
4 0 16749608 0 0 16754606 0 0 0 0 0 0 0 1954
1 23036 23036 23036 -23036 -23036 -23036 0 0 0 0 0 0 0 0 0 0 0 0 1955
1 22786 22786 22786 -22786 -22786 -22786 0 0 0 0 0 0 0 0 0 0 0 0 1956
2 0 34200 513 0 0 0 0 0 0 0 0 0 8550 4275 1956
4 0 16751608 0 0 16755114 0 0 0 0 0 0 0 1956
3 0 855 0 0 0 0 0 0 0 0 0 1 1 0 0 78 69 1956
1 22536 22536 22536 -22536 -22536 -22536 0 0 0 0 0 0 0 0 0 0 0 0 1957
1 22286 22286 22286 -22286 -22286 -22286 0 0 0 0 0 0 0 0 0 0 0 0 1958
2 0 34600 519 0 0 0 0 0 0 0 0 0 8650 4325 1958
4 0 16753608 0 0 16755622 0 0 0 0 0 0 0 1958
1 22036 22036 22036 -22036 -22036 -22036 0 0 0 0 0 0 0 0 0 0 0 0 1959
1 21786 21786 21786 -21786 -21786 -21786 0 0 0 0 0 0 0 0 0 0 0 0 1960
2 0 35000 525 0 0 0 0 0 0 0 0 0 8750 4375 1960
4 0 16755608 0 0 16756130 0 0 0 0 0 0 0 1960
1 21536 21536 21536 -21536 -21536 -21536 0 0 0 0 0 0 0 0 0 0 0 0 1961
1 21286 21286 21286 -21286 -21286 -21286 0 0 0 0 0 0 0 0 0 0 0 0 1962
2 0 35400 531 0 0 0 0 0 0 0 0 0 8850 4425 1962
4 0 16757608 0 0 16756638 0 0 0 0 0 0 0 1962
3 0 885 0 0 0 0 0 0 0 0 0 1 1 0 0 78 69 1962
1 21036 21036 21036 -21036 -21036 -21036 0 0 0 0 0 0 0 0 0 0 0 0 1963
1 20786 20786 20786 -20786 -20786 -20786 0 0 0 0 0 0 0 0 0 0 0 0 1964
2 0 35800 537 0 0 0 0 0 0 0 0 0 8950 4475 1964
4 0 16759608 0 0 16757146 0 0 0 0 0 0 0 1964
1 20536 20536 20536 -20536 -20536 -20536 0 0 0 0 0 0 0 0 0 0 0 0 1965
1 20286 20286 20286 -20286 -20286 -20286 0 0 0 0 0 0 0 0 0 0 0 0 1966
2 0 36200 543 0 0 0 0 0 0 0 0 0 9050 4525 1966
4 0 16761608 0 0 16757654 0 0 0 0 0 0 0 1966
1 20036 20036 20036 -20036 -20036 -20036 0 0 0 0 0 0 0 0 0 0 0 0 1967
1 19786 19786 19786 -19786 -19786 -19786 0 0 0 0 0 0 0 0 0 0 0 0 1968
2 0 36600 549 0 0 0 0 0 0 0 0 0 9150 4575 1968
4 0 16763608 0 0 16758162 0 0 0 0 0 0 0 1968
3 0 915 0 0 0 0 0 0 0 0 0 1 1 0 0 78 69 1968
1 19536 19536 19536 -19536 -19536 -19536 0 0 0 0 0 0 0 0 0 0 0 0 1969
1 19286 19286 19286 -19286 -19286 -19286 0 0 0 0 0 0 0 0 0 0 0 0 1970
2 0 37000 555 0 0 0 0 0 0 0 0 0 9250 4625 1970
4 0 16765608 0 0 16758670 0 0 0 0 0 0 0 1970
1 19036 19036 19036 -19036 -19036 -19036 0 0 0 0 0 0 0 0 0 0 0 0 1971
1 18786 18786 18786 -18786 -18786 -18786 0 0 0 0 0 0 0 0 0 0 0 0 1972
2 0 37400 561 0 0 0 0 0 0 0 0 0 9350 4675 1972
4 0 16767608 0 0 16759178 0 0 0 0 0 0 0 1972
1 18536 18536 18536 -18536 -18536 -18536 0 0 0 0 0 0 0 0 0 0 0 0 1973
1 18286 18286 18286 -18286 -18286 -18286 0 0 0 0 0 0 0 0 0 0 0 0 1974
2 0 37800 567 0 0 0 0 0 0 0 0 0 9450 4725 1974
4 0 16769608 0 0 16759686 0 0 0 0 0 0 0 1974
3 0 945 0 0 0 0 0 0 0 0 0 1 1 0 0 78 69 1974
1 18036 18036 18036 -18036 -18036 -18036 0 0 0 0 0 0 0 0 0 0 0 0 1975
1 17786 17786 17786 -17786 -17786 -17786 0 0 0 0 0 0 0 0 0 0 0 0 1976
2 0 38200 573 0 0 0 0 0 0 0 0 0 9550 4775 1976
4 0 16771608 0 0 16760194 0 0 0 0 0 0 0 1976
1 17536 17536 17536 -17536 -17536 -17536 0 0 0 0 0 0 0 0 0 0 0 0 1977
1 17286 17286 17286 -17286 -17286 -17286 0 0 0 0 0 0 0 0 0 0 0 0 1978
2 0 38600 579 0 0 0 0 0 0 0 0 0 9650 4825 1978
4 0 16773608 0 0 16760702 0 0 0 0 0 0 0 1978
1 17036 17036 17036 -17036 -17036 -17036 0 0 0 0 0 0 0 0 0 0 0 0 1979
1 16786 16786 16786 -16786 -16786 -16786 0 0 0 0 0 0 0 0 0 0 0 0 1980
2 0 39000 585 0 0 0 0 0 0 0 0 0 9750 4875 1980
4 0 16775608 0 0 16761210 0 0 0 0 0 0 0 1980
3 0 975 0 0 0 0 0 0 0 0 0 1 1 0 0 78 69 1980
1 16536 16536 16536 -16536 -16536 -16536 0 0 0 0 0 0 0 0 0 0 0 0 1981
1 16286 16286 16286 -16286 -16286 -16286 0 0 0 0 0 0 0 0 0 0 0 0 1982
2 0 39400 591 0 0 0 0 0 0 0 0 0 9850 4925 1982
4 0 392 0 0 16761718 0 0 0 0 0 0 0 1982
1 16036 16036 16036 -16036 -16036 -16036 0 0 0 0 0 0 0 0 0 0 0 0 1983
1 15786 15786 15786 -15786 -15786 -15786 0 0 0 0 0 0 0 0 0 0 0 0 1984
2 0 39800 597 0 0 0 0 0 0 0 0 0 9950 4975 1984
4 0 2392 0 0 16762226 0 0 0 0 0 0 0 1984
1 15536 15536 15536 -15536 -15536 -15536 0 0 0 0 0 0 0 0 0 0 0 0 1985
1 15286 15286 15286 -15286 -15286 -15286 0 0 0 0 0 0 0 0 0 0 0 0 1986
2 0 40200 603 0 0 0 0 0 0 0 0 0 10050 5025 1986
4 0 4392 0 0 16762734 0 0 0 0 0 0 0 1986
3 0 1005 0 0 0 0 0 0 0 0 0 1 1 0 0 78 69 1986
1 15036 15036 15036 -15036 -15036 -15036 0 0 0 0 0 0 0 0 0 0 0 0 1987
1 14786 14786 14786 -14786 -14786 -14786 0 0 0 0 0 0 0 0 0 0 0 0 1988
2 0 40600 609 0 0 0 0 0 0 0 0 0 10150 5075 1988
4 0 6392 0 0 16763242 0 0 0 0 0 0 0 1988
1 14536 14536 14536 -14536 -14536 -14536 0 0 0 0 0 0 0 0 0 0 0 0 1989
1 14286 14286 14286 -14286 -14286 -14286 0 0 0 0 0 0 0 0 0 0 0 0 1990
2 0 41000 615 0 0 0 0 0 0 0 0 0 10250 5125 1990
4 0 8392 0 0 16763750 0 0 0 0 0 0 0 1990
1 14036 14036 14036 -14036 -14036 -14036 0 0 0 0 0 0 0 0 0 0 0 0 1991
1 13786 13786 13786 -13786 -13786 -13786 0 0 0 0 0 0 0 0 0 0 0 0 1992
2 0 41400 621 0 0 0 0 0 0 0 0 0 10350 5175 1992
4 0 10392 0 0 16764258 0 0 0 0 0 0 0 1992
3 0 1035 0 0 0 0 0 0 0 0 0 1 1 0 0 78 69 1992
1 13536 13536 13536 -13536 -13536 -13536 0 0 0 0 0 0 0 0 0 0 0 0 1993
1 13286 13286 13286 -13286 -13286 -13286 0 0 0 0 0 0 0 0 0 0 0 0 1994
2 0 41800 627 0 0 0 0 0 0 0 0 0 10450 5225 1994
4 0 12392 0 0 16764766 0 0 0 0 0 0 0 1994
1 13036 13036 13036 -13036 -13036 -13036 0 0 0 0 0 0 0 0 0 0 0 0 1995
1 12786 12786 12786 -12786 -12786 -12786 0 0 0 0 0 0 0 0 0 0 0 0 1996
2 0 42200 633 0 0 0 0 0 0 0 0 0 10550 5275 1996
4 0 14392 0 0 16765274 0 0 0 0 0 0 0 1996
1 12536 12536 12536 -12536 -12536 -12536 0 0 0 0 0 0 0 0 0 0 0 0 1997
1 12286 12286 12286 -12286 -12286 -12286 0 0 0 0 0 0 0 0 0 0 0 0 1998
2 0 42600 639 0 0 0 0 0 0 0 0 0 10650 5325 1998
4 0 16392 0 0 16765782 0 0 0 0 0 0 0 1998
3 0 1065 0 0 0 0 0 0 0 0 0 1 1 0 0 78 69 1998
1 12036 12036 12036 -12036 -12036 -12036 0 0 0 0 0 0 0 0 0 0 0 0 1999
1 11786 11786 11786 -11786 -11786 -11786 0 0 0 0 0 0 0 0 0 0 0 0 2000
2 0 43000 645 0 0 0 0 0 0 0 0 0 10750 5375 2000
4 0 18392 0 0 16766290 0 0 0 0 0 0 0 2000
1 11536 11536 11536 -11536 -11536 -11536 0 0 0 0 0 0 0 0 0 0 0 0 2001
1 11286 11286 11286 -11286 -11286 -11286 0 0 0 0 0 0 0 0 0 0 0 0 2002
2 0 43400 651 0 0 0 0 0 0 0 0 0 10850 5425 2002
4 0 20392 0 0 16766798 0 0 0 0 0 0 0 2002
1 11036 11036 11036 -11036 -11036 -11036 0 0 0 0 0 0 0 0 0 0 0 0 2003
1 10786 10786 10786 -10786 -10786 -10786 0 0 0 0 0 0 0 0 0 0 0 0 2004
2 0 43800 657 0 0 0 0 0 0 0 0 0 10950 5475 2004
4 0 22392 0 0 16767306 0 0 0 0 0 0 0 2004
3 0 1095 0 0 0 0 0 0 0 0 0 1 1 0 0 78 69 2004
1 10536 10536 10536 -10536 -10536 -10536 0 0 0 0 0 0 0 0 0 0 0 0 2005
1 10286 10286 10286 -10286 -10286 -10286 0 0 0 0 0 0 0 0 0 0 0 0 2006
2 0 44200 663 0 0 0 0 0 0 0 0 0 11050 5525 2006
4 0 24392 0 0 16767814 0 0 0 0 0 0 0 2006
1 10036 10036 10036 -10036 -10036 -10036 0 0 0 0 0 0 0 0 0 0 0 0 2007
1 9786 9786 9786 -9786 -9786 -9786 0 0 0 0 0 0 0 0 0 0 0 0 2008
2 0 44600 669 0 0 0 0 0 0 0 0 0 11150 5575 2008
4 0 26392 0 0 16768322 0 0 0 0 0 0 0 2008
1 9536 9536 9536 -9536 -9536 -9536 0 0 0 0 0 0 0 0 0 0 0 0 2009
1 9286 9286 9286 -9286 -9286 -9286 0 0 0 0 0 0 0 0 0 0 0 0 2010
2 0 45000 675 0 0 0 0 0 0 0 0 0 11250 5625 2010
4 0 28392 0 0 16768830 0 0 0 0 0 0 0 2010
3 0 1125 0 0 0 0 0 0 0 0 0 1 1 0 0 78 69 2010
1 9036 9036 9036 -9036 -9036 -9036 0 0 0 0 0 0 0 0 0 0 0 0 2011
1 8786 8786 8786 -8786 -8786 -8786 0 0 0 0 0 0 0 0 0 0 0 0 2012
2 0 45400 681 0 0 0 0 0 0 0 0 0 11350 5675 2012
4 0 30392 0 0 16769338 0 0 0 0 0 0 0 2012
1 8536 8536 8536 -8536 -8536 -8536 0 0 0 0 0 0 0 0 0 0 0 0 2013
1 8286 8286 8286 -8286 -8286 -8286 0 0 0 0 0 0 0 0 0 0 0 0 2014
2 0 45800 687 0 0 0 0 0 0 0 0 0 11450 5725 2014
4 0 32392 0 0 16769846 0 0 0 0 0 0 0 2014
1 8036 8036 8036 -8036 -8036 -8036 0 0 0 0 0 0 0 0 0 0 0 0 2015
1 7786 7786 7786 -7786 -7786 -7786 0 0 0 0 0 0 0 0 0 0 0 0 2016
2 0 46200 693 0 0 0 0 0 0 0 0 0 11550 5775 2016
4 0 16746072 0 0 16770354 0 0 0 0 0 0 0 2016
3 0 1155 0 0 0 0 0 0 0 0 0 1 1 0 0 78 69 2016
1 7536 7536 7536 -7536 -7536 -7536 0 0 0 0 0 0 0 0 0 0 0 0 2017
1 7286 7286 7286 -7286 -7286 -7286 0 0 0 0 0 0 0 0 0 0 0 0 2018
2 0 46600 699 0 0 0 0 0 0 0 0 0 11650 5825 2018
4 0 16748072 0 0 16770862 0 0 0 0 0 0 0 2018
1 7036 7036 7036 -7036 -7036 -7036 0 0 0 0 0 0 0 0 0 0 0 0 2019
1 6786 6786 6786 -6786 -6786 -6786 0 0 0 0 0 0 0 0 0 0 0 0 2020
2 0 47000 705 0 0 0 0 0 0 0 0 0 11750 5875 2020
4 0 16750072 0 0 16771370 0 0 0 0 0 0 0 2020
1 6536 6536 6536 -6536 -6536 -6536 0 0 0 0 0 0 0 0 0 0 0 0 2021
1 6286 6286 6286 -6286 -6286 -6286 0 0 0 0 0 0 0 0 0 0 0 0 2022
2 0 47400 711 0 0 0 0 0 0 0 0 0 11850 5925 2022
4 0 16752072 0 0 16771878 0 0 0 0 0 0 0 2022
3 0 1185 0 0 0 0 0 0 0 0 0 1 1 0 0 78 69 2022
1 6036 6036 6036 -6036 -6036 -6036 0 0 0 0 0 0 0 0 0 0 0 0 2023
1 5786 5786 5786 -5786 -5786 -5786 0 0 0 0 0 0 0 0 0 0 0 0 2024
2 0 47800 717 0 0 0 0 0 0 0 0 0 11950 5975 2024
4 0 16754072 0 0 16772386 0 0 0 0 0 0 0 2024
1 5536 5536 5536 -5536 -5536 -5536 0 0 0 0 0 0 0 0 0 0 0 0 2025
1 5286 5286 5286 -5286 -5286 -5286 0 0 0 0 0 0 0 0 0 0 0 0 2026
2 0 48200 723 0 0 0 0 0 0 0 0 0 12050 6025 2026
4 0 16756072 0 0 16772894 0 0 0 0 0 0 0 2026
1 5036 5036 5036 -5036 -5036 -5036 0 0 0 0 0 0 0 0 0 0 0 0 2027
1 4786 4786 4786 -4786 -4786 -4786 0 0 0 0 0 0 0 0 0 0 0 0 2028
2 0 48600 729 0 0 0 0 0 0 0 0 0 12150 6075 2028
4 0 16758072 0 0 16773402 0 0 0 0 0 0 0 2028
3 0 1215 0 0 0 0 0 0 0 0 0 1 1 0 0 78 69 2028
1 4536 4536 4536 -4536 -4536 -4536 0 0 0 0 0 0 0 0 0 0 0 0 2029
1 4286 4286 4286 -4286 -4286 -4286 0 0 0 0 0 0 0 0 0 0 0 0 2030
2 0 49000 735 0 0 0 0 0 0 0 0 0 12250 6125 2030
4 0 16760072 0 0 16773910 0 0 0 0 0 0 0 2030
1 4036 4036 4036 -4036 -4036 -4036 0 0 0 0 0 0 0 0 0 0 0 0 2031
1 3786 3786 3786 -3786 -3786 -3786 0 0 0 0 0 0 0 0 0 0 0 0 2032
2 0 49400 741 0 0 0 0 0 0 0 0 0 12350 6175 2032
4 0 16762072 0 0 16774418 0 0 0 0 0 0 0 2032
1 3536 3536 3536 -3536 -3536 -3536 0 0 0 0 0 0 0 0 0 0 0 0 2033
1 3286 3286 3286 -3286 -3286 -3286 0 0 0 0 0 0 0 0 0 0 0 0 2034
2 0 49800 747 0 0 0 0 0 0 0 0 0 12450 6225 2034
4 0 16764072 0 0 16774926 0 0 0 0 0 0 0 2034
3 0 1245 0 0 0 0 0 0 0 0 0 1 1 0 0 78 69 2034
1 3036 3036 3036 -3036 -3036 -3036 0 0 0 0 0 0 0 0 0 0 0 0 2035
1 2786 2786 2786 -2786 -2786 -2786 0 0 0 0 0 0 0 0 0 0 0 0 2036
2 0 50200 753 0 0 0 0 0 0 0 0 0 12550 6275 2036
4 0 16766072 0 0 16775434 0 0 0 0 0 0 0 2036
1 2536 2536 2536 -2536 -2536 -2536 0 0 0 0 0 0 0 0 0 0 0 0 2037
1 2286 2286 2286 -2286 -2286 -2286 0 0 0 0 0 0 0 0 0 0 0 0 2038
2 0 50600 759 0 0 0 0 0 0 0 0 0 12650 6325 2038
4 0 16768072 0 0 16775942 0 0 0 0 0 0 0 2038
1 2036 2036 2036 -2036 -2036 -2036 0 0 0 0 0 0 0 0 0 0 0 0 2039
1 1786 1786 1786 -1786 -1786 -1786 0 0 0 0 0 0 0 0 0 0 0 0 2040
2 0 51000 765 0 0 0 0 0 0 0 0 0 12750 6375 2040
4 0 16770072 0 0 16776450 0 0 0 0 0 0 0 2040
3 0 1275 0 0 0 0 0 0 0 0 0 1 1 0 0 78 69 2040
1 -250 -250 -250 250 250 250 0 0 0 0 0 0 0 0 0 0 0 0 2041
1 -500 -500 -500 500 500 500 0 0 0 0 0 0 0 0 0 0 0 0 2042
2 0 400 6 0 0 0 0 0 0 0 0 0 100 50 2042
4 0 2000 0 0 508 0 0 0 0 0 0 0 2042
1 -750 -750 -750 750 750 750 0 0 0 0 0 0 0 0 0 0 0 0 2043
1 -1000 -1000 -1000 1000 1000 1000 0 0 0 0 0 0 0 0 0 0 0 0 2044
2 0 800 12 0 0 0 0 0 0 0 0 0 200 100 2044
4 0 4000 0 0 1016 0 0 0 0 0 0 0 2044
1 -1250 -1250 -1250 1250 1250 1250 0 0 0 0 0 0 0 0 0 0 0 0 2045
1 -1500 -1500 -1500 1500 1500 1500 0 0 0 0 0 0 0 0 0 0 0 0 2046
2 0 1200 18 0 0 0 0 0 0 0 0 0 300 150 2046
4 0 6000 0 0 1524 0 0 0 0 0 0 0 2046
3 0 30 0 0 0 0 0 0 0 0 1 0 0 0 0 78 69 2046
1 -1750 -1750 -1750 1750 1750 1750 0 0 0 0 0 0 0 0 0 0 0 0 2047
1 -2000 -2000 -2000 2000 2000 2000 0 0 0 0 0 0 0 0 0 0 0 0 2048
2 0 1600 24 0 0 0 0 0 0 0 0 0 400 200 2048
4 0 8000 0 0 2032 0 0 0 0 0 0 0 2048
1 -2250 -2250 -2250 2250 2250 2250 0 0 0 0 0 0 0 0 0 0 0 0 2049
1 -2500 -2500 -2500 2500 2500 2500 0 0 0 0 0 0 0 0 0 0 0 0 2050
2 0 2000 30 0 0 0 0 0 0 0 0 0 500 250 2050
4 0 10000 0 0 2540 0 0 0 0 0 0 0 2050
1 -2750 -2750 -2750 2750 2750 2750 0 0 0 0 0 0 0 0 0 0 0 0 2051
1 -3000 -3000 -3000 3000 3000 3000 0 0 0 0 0 0 0 0 0 0 0 0 2052
2 0 2400 36 0 0 0 0 0 0 0 0 0 600 300 2052
4 0 12000 0 0 3048 0 0 0 0 0 0 0 2052
3 0 60 0 0 0 0 0 0 0 0 1 0 0 0 0 78 69 2052
1 -3250 -3250 -3250 3250 3250 3250 0 0 0 0 0 0 0 0 0 0 0 0 2053
1 -3500 -3500 -3500 3500 3500 3500 0 0 0 0 0 0 0 0 0 0 0 0 2054
2 0 2800 42 0 0 0 0 0 0 0 0 0 700 350 2054
4 0 14000 0 0 3556 0 0 0 0 0 0 0 2054
1 -3750 -3750 -3750 3750 3750 3750 0 0 0 0 0 0 0 0 0 0 0 0 2055
1 -4000 -4000 -4000 4000 4000 4000 0 0 0 0 0 0 0 0 0 0 0 0 2056
2 0 3200 48 0 0 0 0 0 0 0 0 0 800 400 2056
4 0 16000 0 0 4064 0 0 0 0 0 0 0 2056
1 -4250 -4250 -4250 4250 4250 4250 0 0 0 0 0 0 0 0 0 0 0 0 2057
1 -4500 -4500 -4500 4500 4500 4500 0 0 0 0 0 0 0 0 0 0 0 0 2058
2 0 3600 54 0 0 0 0 0 0 0 0 0 900 450 2058
4 0 18000 0 0 4572 0 0 0 0 0 0 0 2058
3 0 90 0 0 0 0 0 0 0 0 1 0 0 0 0 78 69 2058
1 -4750 -4750 -4750 4750 4750 4750 0 0 0 0 0 0 0 0 0 0 0 0 2059
1 -5000 -5000 -5000 5000 5000 5000 0 0 0 0 0 0 0 0 0 0 0 0 2060
2 0 4000 60 0 0 0 0 0 0 0 0 0 1000 500 2060
4 0 20000 0 0 5080 0 0 0 0 0 0 0 2060
1 -5250 -5250 -5250 5250 5250 5250 0 0 0 0 0 0 0 0 0 0 0 0 2061
1 -5500 -5500 -5500 5500 5500 5500 0 0 0 0 0 0 0 0 0 0 0 0 2062
2 0 4400 66 0 0 0 0 0 0 0 0 0 1100 550 2062
4 0 22000 0 0 5588 0 0 0 0 0 0 0 2062
1 -5750 -5750 -5750 5750 5750 5750 0 0 0 0 0 0 0 0 0 0 0 0 2063
1 -6000 -6000 -6000 6000 6000 6000 0 0 0 0 0 0 0 0 0 0 0 0 2064
2 0 4800 72 0 0 0 0 0 0 0 0 0 1200 600 2064
4 0 24000 0 0 6096 0 0 0 0 0 0 0 2064
3 0 120 0 0 0 0 0 0 0 0 1 0 0 0 0 78 69 2064
1 -6250 -6250 -6250 6250 6250 6250 0 0 0 0 0 0 0 0 0 0 0 0 2065
1 -6500 -6500 -6500 6500 6500 6500 0 0 0 0 0 0 0 0 0 0 0 0 2066
2 0 5200 78 0 0 0 0 0 0 0 0 0 1300 650 2066
4 0 26000 0 0 6604 0 0 0 0 0 0 0 2066
1 -6750 -6750 -6750 6750 6750 6750 0 0 0 0 0 0 0 0 0 0 0 0 2067
1 -7000 -7000 -7000 7000 7000 7000 0 0 0 0 0 0 0 0 0 0 0 0 2068
2 0 5600 84 0 0 0 0 0 0 0 0 0 1400 700 2068
4 0 28000 0 0 7112 0 0 0 0 0 0 0 2068
1 -7250 -7250 -7250 7250 7250 7250 0 0 0 0 0 0 0 0 0 0 0 0 2069
1 -7500 -7500 -7500 7500 7500 7500 0 0 0 0 0 0 0 0 0 0 0 0 2070
2 0 6000 90 0 0 0 0 0 0 0 0 0 1500 750 2070
4 0 30000 0 0 7620 0 0 0 0 0 0 0 2070
3 0 150 0 0 0 0 0 0 0 0 1 0 0 0 0 78 69 2070
1 -7750 -7750 -7750 7750 7750 7750 0 0 0 0 0 0 0 0 0 0 0 0 2071
1 -8000 -8000 -8000 8000 8000 8000 0 0 0 0 0 0 0 0 0 0 0 0 2072
2 0 6400 96 0 0 0 0 0 0 0 0 0 1600 800 2072
4 0 32000 0 0 8128 0 0 0 0 0 0 0 2072
1 -8250 -8250 -8250 8250 8250 8250 0 0 0 0 0 0 0 0 0 0 0 0 2073
1 -8500 -8500 -8500 8500 8500 8500 0 0 0 0 0 0 0 0 0 0 0 0 2074
2 0 6800 102 0 0 0 0 0 0 0 0 0 1700 850 2074
4 0 16745680 0 0 8636 0 0 0 0 0 0 0 2074
1 -8750 -8750 -8750 8750 8750 8750 0 0 0 0 0 0 0 0 0 0 0 0 2075
1 -9000 -9000 -9000 9000 9000 9000 0 0 0 0 0 0 0 0 0 0 0 0 2076
2 0 7200 108 0 0 0 0 0 0 0 0 0 1800 900 2076
4 0 16747680 0 0 9144 0 0 0 0 0 0 0 2076
3 0 180 0 0 0 0 0 0 0 0 1 0 0 0 0 78 69 2076
1 -9250 -9250 -9250 9250 9250 9250 0 0 0 0 0 0 0 0 0 0 0 0 2077
1 -9500 -9500 -9500 9500 9500 9500 0 0 0 0 0 0 0 0 0 0 0 0 2078
2 0 7600 114 0 0 0 0 0 0 0 0 0 1900 950 2078
4 0 16749680 0 0 9652 0 0 0 0 0 0 0 2078
1 -9750 -9750 -9750 9750 9750 9750 0 0 0 0 0 0 0 0 0 0 0 0 2079
1 -10000 -10000 -10000 10000 10000 10000 0 0 0 0 0 0 0 0 0 0 0 0 2080
2 0 8000 120 0 0 0 0 0 0 0 0 0 2000 1000 2080
4 0 16751680 0 0 10160 0 0 0 0 0 0 0 2080
1 -10250 -10250 -10250 10250 10250 10250 0 0 0 0 0 0 0 0 0 0 0 0 2081
1 -10500 -10500 -10500 10500 10500 10500 0 0 0 0 0 0 0 0 0 0 0 0 2082
2 0 8400 126 0 0 0 0 0 0 0 0 0 2100 1050 2082
4 0 16753680 0 0 10668 0 0 0 0 0 0 0 2082
3 0 210 0 0 0 0 0 0 0 0 1 0 0 0 0 78 69 2082
1 -10750 -10750 -10750 10750 10750 10750 0 0 0 0 0 0 0 0 0 0 0 0 2083
1 -11000 -11000 -11000 11000 11000 11000 0 0 0 0 0 0 0 0 0 0 0 0 2084
2 0 8800 132 0 0 0 0 0 0 0 0 0 2200 1100 2084
4 0 16755680 0 0 11176 0 0 0 0 0 0 0 2084
1 -11250 -11250 -11250 11250 11250 11250 0 0 0 0 0 0 0 0 0 0 0 0 2085
1 -11500 -11500 -11500 11500 11500 11500 0 0 0 0 0 0 0 0 0 0 0 0 2086
2 0 9200 138 0 0 0 0 0 0 0 0 0 2300 1150 2086
4 0 16757680 0 0 11684 0 0 0 0 0 0 0 2086
1 -11750 -11750 -11750 11750 11750 11750 0 0 0 0 0 0 0 0 0 0 0 0 2087
1 -12000 -12000 -12000 12000 12000 12000 0 0 0 0 0 0 0 0 0 0 0 0 2088
2 0 9600 144 0 0 0 0 0 0 0 0 0 2400 1200 2088
4 0 16759680 0 0 12192 0 0 0 0 0 0 0 2088
3 0 240 0 0 0 0 0 0 0 0 1 0 0 0 0 78 69 2088
1 -12250 -12250 -12250 12250 12250 12250 0 0 0 0 0 0 0 0 0 0 0 0 2089
1 -12500 -12500 -12500 12500 12500 12500 0 0 0 0 0 0 0 0 0 0 0 0 2090
2 0 10000 150 0 0 0 0 0 0 0 0 0 2500 1250 2090
4 0 16761680 0 0 12700 0 0 0 0 0 0 0 2090
1 -12750 -12750 -12750 12750 12750 12750 0 0 0 0 0 0 0 0 0 0 0 0 2091
1 -13000 -13000 -13000 13000 13000 13000 0 0 0 0 0 0 0 0 0 0 0 0 2092
2 0 10400 156 0 0 0 0 0 0 0 0 0 2600 1300 2092
4 0 16763680 0 0 13208 0 0 0 0 0 0 0 2092
1 -13250 -13250 -13250 13250 13250 13250 0 0 0 0 0 0 0 0 0 0 0 0 2093
1 -13500 -13500 -13500 13500 13500 13500 0 0 0 0 0 0 0 0 0 0 0 0 2094
2 0 10800 162 0 0 0 0 0 0 0 0 0 2700 1350 2094
4 0 16765680 0 0 13716 0 0 0 0 0 0 0 2094
3 0 270 0 0 0 0 0 0 0 0 1 0 0 0 0 78 69 2094
1 -13750 -13750 -13750 13750 13750 13750 0 0 0 0 0 0 0 0 0 0 0 0 2095
1 -14000 -14000 -14000 14000 14000 14000 0 0 0 0 0 0 0 0 0 0 0 0 2096
2 0 11200 168 0 0 0 0 0 0 0 0 0 2800 1400 2096
4 0 16767680 0 0 14224 0 0 0 0 0 0 0 2096
1 -14250 -14250 -14250 14250 14250 14250 0 0 0 0 0 0 0 0 0 0 0 0 2097
1 -14500 -14500 -14500 14500 14500 14500 0 0 0 0 0 0 0 0 0 0 0 0 2098
2 0 11600 174 0 0 0 0 0 0 0 0 0 2900 1450 2098
4 0 16769680 0 0 14732 0 0 0 0 0 0 0 2098
1 -14750 -14750 -14750 14750 14750 14750 0 0 0 0 0 0 0 0 0 0 0 0 2099
1 -15000 -15000 -15000 15000 15000 15000 0 0 0 0 0 0 0 0 0 0 0 0 2100
2 0 12000 180 0 0 0 0 0 0 0 0 0 3000 1500 2100
4 0 16771680 0 0 15240 0 0 0 0 0 0 0 2100
3 0 300 0 0 0 0 0 0 0 0 1 0 0 0 0 78 69 2100
1 -15250 -15250 -15250 15250 15250 15250 0 0 0 0 0 0 0 0 0 0 0 0 2101
1 -15500 -15500 -15500 15500 15500 15500 0 0 0 0 0 0 0 0 0 0 0 0 2102
2 0 12400 186 0 0 0 0 0 0 0 0 0 3100 1550 2102
4 0 16773680 0 0 15748 0 0 0 0 0 0 0 2102
1 -15750 -15750 -15750 15750 15750 15750 0 0 0 0 0 0 0 0 0 0 0 0 2103
1 -16000 -16000 -16000 16000 16000 16000 0 0 0 0 0 0 0 0 0 0 0 0 2104
2 0 12800 192 0 0 0 0 0 0 0 0 0 3200 1600 2104
4 0 16775680 0 0 16256 0 0 0 0 0 0 0 2104
1 -16250 -16250 -16250 16250 16250 16250 0 0 0 0 0 0 0 0 0 0 0 0 2105
1 -16500 -16500 -16500 16500 16500 16500 0 0 0 0 0 0 0 0 0 0 0 0 2106
2 0 13200 198 0 0 0 0 0 0 0 0 0 3300 1650 2106
4 0 464 0 0 16764 0 0 0 0 0 0 0 2106
3 0 330 0 0 0 0 0 0 0 0 1 0 0 0 0 78 69 2106
1 -16750 -16750 -16750 16750 16750 16750 0 0 0 0 0 0 0 0 0 0 0 0 2107
1 -17000 -17000 -17000 17000 17000 17000 0 0 0 0 0 0 0 0 0 0 0 0 2108
2 0 13600 204 0 0 0 0 0 0 0 0 0 3400 1700 2108
4 0 2464 0 0 17272 0 0 0 0 0 0 0 2108
1 -17250 -17250 -17250 17250 17250 17250 0 0 0 0 0 0 0 0 0 0 0 0 2109
1 -17500 -17500 -17500 17500 17500 17500 0 0 0 0 0 0 0 0 0 0 0 0 2110
2 0 14000 210 0 0 0 0 0 0 0 0 0 3500 1750 2110
4 0 4464 0 0 17780 0 0 0 0 0 0 0 2110
1 -17750 -17750 -17750 17750 17750 17750 0 0 0 0 0 0 0 0 0 0 0 0 2111
1 -18000 -18000 -18000 18000 18000 18000 0 0 0 0 0 0 0 0 0 0 0 0 2112
2 0 14400 216 0 0 0 0 0 0 0 0 0 3600 1800 2112
4 0 6464 0 0 18288 0 0 0 0 0 0 0 2112
3 0 360 0 0 0 0 0 0 0 0 1 0 0 0 0 78 69 2112
1 -18250 -18250 -18250 18250 18250 18250 0 0 0 0 0 0 0 0 0 0 0 0 2113
1 -18500 -18500 -18500 18500 18500 18500 0 0 0 0 0 0 0 0 0 0 0 0 2114
2 0 14800 222 0 0 0 0 0 0 0 0 0 3700 1850 2114
4 0 8464 0 0 18796 0 0 0 0 0 0 0 2114
1 -18750 -18750 -18750 18750 18750 18750 0 0 0 0 0 0 0 0 0 0 0 0 2115
1 -19000 -19000 -19000 19000 19000 19000 0 0 0 0 0 0 0 0 0 0 0 0 2116
2 0 15200 228 0 0 0 0 0 0 0 0 0 3800 1900 2116
4 0 10464 0 0 19304 0 0 0 0 0 0 0 2116
1 -19250 -19250 -19250 19250 19250 19250 0 0 0 0 0 0 0 0 0 0 0 0 2117
1 -19500 -19500 -19500 19500 19500 19500 0 0 0 0 0 0 0 0 0 0 0 0 2118
2 0 15600 234 0 0 0 0 0 0 0 0 0 3900 1950 2118
4 0 12464 0 0 19812 0 0 0 0 0 0 0 2118
3 0 390 0 0 0 0 0 0 0 0 1 0 0 0 0 78 69 2118
1 -19750 -19750 -19750 19750 19750 19750 0 0 0 0 0 0 0 0 0 0 0 0 2119
1 -20000 -20000 -20000 20000 20000 20000 0 0 0 0 0 0 0 0 0 0 0 0 2120
2 0 16000 240 0 0 0 0 0 0 0 0 0 4000 2000 2120
4 0 14464 0 0 20320 0 0 0 0 0 0 0 2120
1 -20250 -20250 -20250 20250 20250 20250 0 0 0 0 0 0 0 0 0 0 0 0 2121
1 -20500 -20500 -20500 20500 20500 20500 0 0 0 0 0 0 0 0 0 0 0 0 2122
2 0 16400 246 0 0 0 0 0 0 0 0 0 4100 2050 2122
4 0 16464 0 0 20828 0 0 0 0 0 0 0 2122
1 -20750 -20750 -20750 20750 20750 20750 0 0 0 0 0 0 0 0 0 0 0 0 2123
1 -21000 -21000 -21000 21000 21000 21000 0 0 0 0 0 0 0 0 0 0 0 0 2124
2 0 16800 252 0 0 0 0 0 0 0 0 0 4200 2100 2124
4 0 18464 0 0 21336 0 0 0 0 0 0 0 2124
3 0 420 0 0 0 0 0 0 0 0 1 0 0 0 0 78 69 2124
1 -21250 -21250 -21250 21250 21250 21250 0 0 0 0 0 0 0 0 0 0 0 0 2125
1 -21500 -21500 -21500 21500 21500 21500 0 0 0 0 0 0 0 0 0 0 0 0 2126
2 0 17200 258 0 0 0 0 0 0 0 0 0 4300 2150 2126
4 0 20464 0 0 21844 0 0 0 0 0 0 0 2126
1 -21750 -21750 -21750 21750 21750 21750 0 0 0 0 0 0 0 0 0 0 0 0 2127
1 -22000 -22000 -22000 22000 22000 22000 0 0 0 0 0 0 0 0 0 0 0 0 2128
2 0 17600 264 0 0 0 0 0 0 0 0 0 4400 2200 2128
4 0 22464 0 0 22352 0 0 0 0 0 0 0 2128
1 -22250 -22250 -22250 22250 22250 22250 0 0 0 0 0 0 0 0 0 0 0 0 2129
1 -22500 -22500 -22500 22500 22500 22500 0 0 0 0 0 0 0 0 0 0 0 0 2130
2 0 18000 270 0 0 0 0 0 0 0 0 0 4500 2250 2130
4 0 24464 0 0 22860 0 0 0 0 0 0 0 2130
3 0 450 0 0 0 0 0 0 0 0 1 0 0 0 0 78 69 2130
1 -22750 -22750 -22750 22750 22750 22750 0 0 0 0 0 0 0 0 0 0 0 0 2131
1 -23000 -23000 -23000 23000 23000 23000 0 0 0 0 0 0 0 0 0 0 0 0 2132
2 0 18400 276 0 0 0 0 0 0 0 0 0 4600 2300 2132
4 0 26464 0 0 23368 0 0 0 0 0 0 0 2132
1 -23250 -23250 -23250 23250 23250 23250 0 0 0 0 0 0 0 0 0 0 0 0 2133
1 -23500 -23500 -23500 23500 23500 23500 0 0 0 0 0 0 0 0 0 0 0 0 2134
2 0 18800 282 0 0 0 0 0 0 0 0 0 4700 2350 2134
4 0 28464 0 0 23876 0 0 0 0 0 0 0 2134
1 -23750 -23750 -23750 23750 23750 23750 0 0 0 0 0 0 0 0 0 0 0 0 2135
1 -24000 -24000 -24000 24000 24000 24000 0 0 0 0 0 0 0 0 0 0 0 0 2136
2 0 19200 288 0 0 0 0 0 0 0 0 0 4800 2400 2136
4 0 30464 0 0 24384 0 0 0 0 0 0 0 2136
3 0 480 0 0 0 0 0 0 0 0 1 0 0 0 0 78 69 2136
1 -24250 -24250 -24250 24250 24250 24250 0 0 0 0 0 0 0 0 0 0 0 0 2137
1 -24500 -24500 -24500 24500 24500 24500 0 0 0 0 0 0 0 0 0 0 0 0 2138
2 0 19600 294 0 0 0 0 0 0 0 0 0 4900 2450 2138
4 0 32464 0 0 24892 0 0 0 0 0 0 0 2138
1 -24750 -24750 -24750 24750 24750 24750 0 0 0 0 0 0 0 0 0 0 0 0 2139
1 -25000 -25000 -25000 25000 25000 25000 0 0 0 0 0 0 0 0 0 0 0 0 2140
2 0 20000 300 0 0 0 0 0 0 0 0 0 5000 2500 2140
4 0 16746144 0 0 25400 0 0 0 0 0 0 0 2140
1 -25250 -25250 -25250 25250 25250 25250 0 0 0 0 0 0 0 0 0 0 0 0 2141
1 -25500 -25500 -25500 25500 25500 25500 0 0 0 0 0 0 0 0 0 0 0 0 2142
2 0 20400 306 0 0 0 0 0 0 0 0 0 5100 2550 2142
4 0 16748144 0 0 25908 0 0 0 0 0 0 0 2142
3 0 510 0 0 0 0 0 0 0 0 1 0 0 0 0 78 69 2142
1 -25750 -25750 -25750 25750 25750 25750 0 0 0 0 0 0 0 0 0 0 0 0 2143
1 -26000 -26000 -26000 26000 26000 26000 0 0 0 0 0 0 0 0 0 0 0 0 2144
2 0 20800 312 0 0 0 0 0 0 0 0 0 5200 2600 2144
4 0 16750144 0 0 26416 0 0 0 0 0 0 0 2144
1 -26250 -26250 -26250 26250 26250 26250 0 0 0 0 0 0 0 0 0 0 0 0 2145
1 -26500 -26500 -26500 26500 26500 26500 0 0 0 0 0 0 0 0 0 0 0 0 2146
2 0 21200 318 0 0 0 0 0 0 0 0 0 5300 2650 2146
4 0 16752144 0 0 26924 0 0 0 0 0 0 0 2146
1 -26750 -26750 -26750 26750 26750 26750 0 0 0 0 0 0 0 0 0 0 0 0 2147
1 -27000 -27000 -27000 27000 27000 27000 0 0 0 0 0 0 0 0 0 0 0 0 2148
2 0 21600 324 0 0 0 0 0 0 0 0 0 5400 2700 2148
4 0 16754144 0 0 27432 0 0 0 0 0 0 0 2148
3 0 540 0 0 0 0 0 0 0 0 1 0 0 0 0 78 69 2148
1 -27250 -27250 -27250 27250 27250 27250 0 0 0 0 0 0 0 0 0 0 0 0 2149
1 -27500 -27500 -27500 27500 27500 27500 0 0 0 0 0 0 0 0 0 0 0 0 2150
2 0 22000 330 0 0 0 0 0 0 0 0 0 5500 2750 2150
4 0 16756144 0 0 27940 0 0 0 0 0 0 0 2150
1 -27750 -27750 -27750 27750 27750 27750 0 0 0 0 0 0 0 0 0 0 0 0 2151
1 -28000 -28000 -28000 28000 28000 28000 0 0 0 0 0 0 0 0 0 0 0 0 2152
2 0 22400 336 0 0 0 0 0 0 0 0 0 5600 2800 2152
4 0 16758144 0 0 28448 0 0 0 0 0 0 0 2152
1 -28250 -28250 -28250 28250 28250 28250 0 0 0 0 0 0 0 0 0 0 0 0 2153
1 -28500 -28500 -28500 28500 28500 28500 0 0 0 0 0 0 0 0 0 0 0 0 2154
2 0 22800 342 0 0 0 0 0 0 0 0 0 5700 2850 2154
4 0 16760144 0 0 28956 0 0 0 0 0 0 0 2154
3 0 570 0 0 0 0 0 0 0 0 1 0 0 0 0 78 69 2154
1 -28750 -28750 -28750 28750 28750 28750 0 0 0 0 0 0 0 0 0 0 0 0 2155
1 -29000 -29000 -29000 29000 29000 29000 0 0 0 0 0 0 0 0 0 0 0 0 2156
2 0 23200 348 0 0 0 0 0 0 0 0 0 5800 2900 2156
4 0 16762144 0 0 29464 0 0 0 0 0 0 0 2156
1 -29250 -29250 -29250 29250 29250 29250 0 0 0 0 0 0 0 0 0 0 0 0 2157
1 -29500 -29500 -29500 29500 29500 29500 0 0 0 0 0 0 0 0 0 0 0 0 2158
2 0 23600 354 0 0 0 0 0 0 0 0 0 5900 2950 2158
4 0 16764144 0 0 29972 0 0 0 0 0 0 0 2158
1 -29750 -29750 -29750 29750 29750 29750 0 0 0 0 0 0 0 0 0 0 0 0 2159
1 -30000 -30000 -30000 30000 30000 30000 0 0 0 0 0 0 0 0 0 0 0 0 2160
2 0 24000 360 0 0 0 0 0 0 0 0 0 6000 3000 2160
4 0 16766144 0 0 30480 0 0 0 0 0 0 0 2160
3 0 600 0 0 0 0 0 0 0 0 1 0 0 0 0 78 69 2160
1 -30250 -30250 -30250 30250 30250 30250 0 0 0 0 0 0 0 0 0 0 0 0 2161
1 -30500 -30500 -30500 30500 30500 30500 0 0 0 0 0 0 0 0 0 0 0 0 2162
2 0 24400 366 0 0 0 0 0 0 0 0 0 6100 3050 2162
4 0 16768144 0 0 30988 0 0 0 0 0 0 0 2162
1 -30750 -30750 -30750 30750 30750 30750 0 0 0 0 0 0 0 0 0 0 0 0 2163
1 -31000 -31000 -31000 31000 31000 31000 0 0 0 0 0 0 0 0 0 0 0 0 2164
2 0 24800 372 0 0 0 0 0 0 0 0 0 6200 3100 2164
4 0 16770144 0 0 31496 0 0 0 0 0 0 0 2164
1 -31250 -31250 -31250 31250 31250 31250 0 0 0 0 0 0 0 0 0 0 0 0 2165
1 -31500 -31500 -31500 31500 31500 31500 0 0 0 0 0 0 0 0 0 0 0 0 2166
2 0 25200 378 0 0 0 0 0 0 0 0 0 6300 3150 2166
4 0 16772144 0 0 32004 0 0 0 0 0 0 0 2166
3 0 630 0 0 0 0 0 0 0 0 0 1 1 0 0 78 69 2166
1 -31750 -31750 -31750 31750 31750 31750 0 0 0 0 0 0 0 0 0 0 0 0 2167
1 -32000 -32000 -32000 32000 32000 32000 0 0 0 0 0 0 0 0 0 0 0 0 2168
2 0 25600 384 0 0 0 0 0 0 0 0 0 6400 3200 2168
4 0 16774144 0 0 32512 0 0 0 0 0 0 0 2168
1 -32250 -32250 -32250 32250 32250 32250 0 0 0 0 0 0 0 0 0 0 0 0 2169
1 -32500 -32500 -32500 32500 32500 32500 0 0 0 0 0 0 0 0 0 0 0 0 2170
2 0 26000 390 0 0 0 0 0 0 0 0 0 6500 3250 2170
4 0 16776144 0 0 16744700 0 0 0 0 0 0 0 2170
1 -32750 -32750 -32750 32750 32750 32750 0 0 0 0 0 0 0 0 0 0 0 0 2171
1 32536 32536 32536 -32536 -32536 -32536 0 0 0 0 0 0 0 0 0 0 0 0 2172
2 0 26400 396 0 0 0 0 0 0 0 0 0 6600 3300 2172
4 0 928 0 0 16745208 0 0 0 0 0 0 0 2172
3 0 660 0 0 0 0 0 0 0 0 0 1 1 0 0 78 69 2172
1 32286 32286 32286 -32286 -32286 -32286 0 0 0 0 0 0 0 0 0 0 0 0 2173
1 32036 32036 32036 -32036 -32036 -32036 0 0 0 0 0 0 0 0 0 0 0 0 2174
2 0 26800 402 0 0 0 0 0 0 0 0 0 6700 3350 2174
4 0 2928 0 0 16745716 0 0 0 0 0 0 0 2174
1 31786 31786 31786 -31786 -31786 -31786 0 0 0 0 0 0 0 0 0 0 0 0 2175
1 31536 31536 31536 -31536 -31536 -31536 0 0 0 0 0 0 0 0 0 0 0 0 2176
2 0 27200 408 0 0 0 0 0 0 0 0 0 6800 3400 2176
4 0 4928 0 0 16746224 0 0 0 0 0 0 0 2176
1 31286 31286 31286 -31286 -31286 -31286 0 0 0 0 0 0 0 0 0 0 0 0 2177
1 31036 31036 31036 -31036 -31036 -31036 0 0 0 0 0 0 0 0 0 0 0 0 2178
2 0 27600 414 0 0 0 0 0 0 0 0 0 6900 3450 2178
4 0 6928 0 0 16746732 0 0 0 0 0 0 0 2178
3 0 690 0 0 0 0 0 0 0 0 0 1 1 0 0 78 69 2178
1 30786 30786 30786 -30786 -30786 -30786 0 0 0 0 0 0 0 0 0 0 0 0 2179
1 30536 30536 30536 -30536 -30536 -30536 0 0 0 0 0 0 0 0 0 0 0 0 2180
2 0 28000 420 0 0 0 0 0 0 0 0 0 7000 3500 2180
4 0 8928 0 0 16747240 0 0 0 0 0 0 0 2180
1 30286 30286 30286 -30286 -30286 -30286 0 0 0 0 0 0 0 0 0 0 0 0 2181
1 30036 30036 30036 -30036 -30036 -30036 0 0 0 0 0 0 0 0 0 0 0 0 2182
2 0 28400 426 0 0 0 0 0 0 0 0 0 7100 3550 2182
4 0 10928 0 0 16747748 0 0 0 0 0 0 0 2182
1 29786 29786 29786 -29786 -29786 -29786 0 0 0 0 0 0 0 0 0 0 0 0 2183
1 29536 29536 29536 -29536 -29536 -29536 0 0 0 0 0 0 0 0 0 0 0 0 2184
2 0 28800 432 0 0 0 0 0 0 0 0 0 7200 3600 2184
4 0 12928 0 0 16748256 0 0 0 0 0 0 0 2184
3 0 720 0 0 0 0 0 0 0 0 0 1 1 0 0 78 69 2184
1 29286 29286 29286 -29286 -29286 -29286 0 0 0 0 0 0 0 0 0 0 0 0 2185
1 29036 29036 29036 -29036 -29036 -29036 0 0 0 0 0 0 0 0 0 0 0 0 2186
2 0 29200 438 0 0 0 0 0 0 0 0 0 7300 3650 2186
4 0 14928 0 0 16748764 0 0 0 0 0 0 0 2186
1 28786 28786 28786 -28786 -28786 -28786 0 0 0 0 0 0 0 0 0 0 0 0 2187
1 28536 28536 28536 -28536 -28536 -28536 0 0 0 0 0 0 0 0 0 0 0 0 2188
2 0 29600 444 0 0 0 0 0 0 0 0 0 7400 3700 2188
4 0 16928 0 0 16749272 0 0 0 0 0 0 0 2188
1 28286 28286 28286 -28286 -28286 -28286 0 0 0 0 0 0 0 0 0 0 0 0 2189
1 28036 28036 28036 -28036 -28036 -28036 0 0 0 0 0 0 0 0 0 0 0 0 2190
2 0 30000 450 0 0 0 0 0 0 0 0 0 7500 3750 2190
4 0 18928 0 0 16749780 0 0 0 0 0 0 0 2190
3 0 750 0 0 0 0 0 0 0 0 0 1 1 0 0 78 69 2190
1 27786 27786 27786 -27786 -27786 -27786 0 0 0 0 0 0 0 0 0 0 0 0 2191
1 27536 27536 27536 -27536 -27536 -27536 0 0 0 0 0 0 0 0 0 0 0 0 2192
2 0 30400 456 0 0 0 0 0 0 0 0 0 7600 3800 2192
4 0 20928 0 0 16750288 0 0 0 0 0 0 0 2192
1 27286 27286 27286 -27286 -27286 -27286 0 0 0 0 0 0 0 0 0 0 0 0 2193
1 27036 27036 27036 -27036 -27036 -27036 0 0 0 0 0 0 0 0 0 0 0 0 2194
2 0 30800 462 0 0 0 0 0 0 0 0 0 7700 3850 2194
4 0 22928 0 0 16750796 0 0 0 0 0 0 0 2194
1 26786 26786 26786 -26786 -26786 -26786 0 0 0 0 0 0 0 0 0 0 0 0 2195
1 26536 26536 26536 -26536 -26536 -26536 0 0 0 0 0 0 0 0 0 0 0 0 2196
2 0 31200 468 0 0 0 0 0 0 0 0 0 7800 3900 2196
4 0 24928 0 0 16751304 0 0 0 0 0 0 0 2196
3 0 780 0 0 0 0 0 0 0 0 0 1 1 0 0 78 69 2196
1 26286 26286 26286 -26286 -26286 -26286 0 0 0 0 0 0 0 0 0 0 0 0 2197
1 26036 26036 26036 -26036 -26036 -26036 0 0 0 0 0 0 0 0 0 0 0 0 2198
2 0 31600 474 0 0 0 0 0 0 0 0 0 7900 3950 2198
4 0 26928 0 0 16751812 0 0 0 0 0 0 0 2198
1 25786 25786 25786 -25786 -25786 -25786 0 0 0 0 0 0 0 0 0 0 0 0 2199
1 25536 25536 25536 -25536 -25536 -25536 0 0 0 0 0 0 0 0 0 0 0 0 2200
2 0 32000 480 0 0 0 0 0 0 0 0 0 8000 4000 2200
4 0 28928 0 0 16752320 0 0 0 0 0 0 0 2200
1 25286 25286 25286 -25286 -25286 -25286 0 0 0 0 0 0 0 0 0 0 0 0 2201
1 25036 25036 25036 -25036 -25036 -25036 0 0 0 0 0 0 0 0 0 0 0 0 2202
2 0 32400 486 0 0 0 0 0 0 0 0 0 8100 4050 2202
4 0 30928 0 0 16752828 0 0 0 0 0 0 0 2202
3 0 810 0 0 0 0 0 0 0 0 0 1 1 0 0 78 69 2202
1 24786 24786 24786 -24786 -24786 -24786 0 0 0 0 0 0 0 0 0 0 0 0 2203
1 24536 24536 24536 -24536 -24536 -24536 0 0 0 0 0 0 0 0 0 0 0 0 2204
2 0 32800 492 0 0 0 0 0 0 0 0 0 8200 4100 2204
4 0 16744608 0 0 16753336 0 0 0 0 0 0 0 2204
1 24286 24286 24286 -24286 -24286 -24286 0 0 0 0 0 0 0 0 0 0 0 0 2205
1 24036 24036 24036 -24036 -24036 -24036 0 0 0 0 0 0 0 0 0 0 0 0 2206
2 0 33200 498 0 0 0 0 0 0 0 0 0 8300 4150 2206
4 0 16746608 0 0 16753844 0 0 0 0 0 0 0 2206
1 23786 23786 23786 -23786 -23786 -23786 0 0 0 0 0 0 0 0 0 0 0 0 2207
1 23536 23536 23536 -23536 -23536 -23536 0 0 0 0 0 0 0 0 0 0 0 0 2208
2 0 33600 504 0 0 0 0 0 0 0 0 0 8400 4200 2208
4 0 16748608 0 0 16754352 0 0 0 0 0 0 0 2208
3 0 840 0 0 0 0 0 0 0 0 0 1 1 0 0 78 69 2208
1 23286 23286 23286 -23286 -23286 -23286 0 0 0 0 0 0 0 0 0 0 0 0 2209
1 23036 23036 23036 -23036 -23036 -23036 0 0 0 0 0 0 0 0 0 0 0 0 2210
2 0 34000 510 0 0 0 0 0 0 0 0 0 8500 4250 2210
4 0 16750608 0 0 16754860 0 0 0 0 0 0 0 2210
1 22786 22786 22786 -22786 -22786 -22786 0 0 0 0 0 0 0 0 0 0 0 0 2211
1 22536 22536 22536 -22536 -22536 -22536 0 0 0 0 0 0 0 0 0 0 0 0 2212
2 0 34400 516 0 0 0 0 0 0 0 0 0 8600 4300 2212
4 0 16752608 0 0 16755368 0 0 0 0 0 0 0 2212
1 22286 22286 22286 -22286 -22286 -22286 0 0 0 0 0 0 0 0 0 0 0 0 2213
1 22036 22036 22036 -22036 -22036 -22036 0 0 0 0 0 0 0 0 0 0 0 0 2214
2 0 34800 522 0 0 0 0 0 0 0 0 0 8700 4350 2214
4 0 16754608 0 0 16755876 0 0 0 0 0 0 0 2214
3 0 870 0 0 0 0 0 0 0 0 0 1 1 0 0 78 69 2214
1 21786 21786 21786 -21786 -21786 -21786 0 0 0 0 0 0 0 0 0 0 0 0 2215
1 21536 21536 21536 -21536 -21536 -21536 0 0 0 0 0 0 0 0 0 0 0 0 2216
2 0 35200 528 0 0 0 0 0 0 0 0 0 8800 4400 2216
4 0 16756608 0 0 16756384 0 0 0 0 0 0 0 2216
1 21286 21286 21286 -21286 -21286 -21286 0 0 0 0 0 0 0 0 0 0 0 0 2217
1 21036 21036 21036 -21036 -21036 -21036 0 0 0 0 0 0 0 0 0 0 0 0 2218
2 0 35600 534 0 0 0 0 0 0 0 0 0 8900 4450 2218
4 0 16758608 0 0 16756892 0 0 0 0 0 0 0 2218
1 20786 20786 20786 -20786 -20786 -20786 0 0 0 0 0 0 0 0 0 0 0 0 2219
1 20536 20536 20536 -20536 -20536 -20536 0 0 0 0 0 0 0 0 0 0 0 0 2220
2 0 36000 540 0 0 0 0 0 0 0 0 0 9000 4500 2220
4 0 16760608 0 0 16757400 0 0 0 0 0 0 0 2220
3 0 900 0 0 0 0 0 0 0 0 0 1 1 0 0 78 69 2220
1 20286 20286 20286 -20286 -20286 -20286 0 0 0 0 0 0 0 0 0 0 0 0 2221
1 20036 20036 20036 -20036 -20036 -20036 0 0 0 0 0 0 0 0 0 0 0 0 2222
2 0 36400 546 0 0 0 0 0 0 0 0 0 9100 4550 2222
4 0 16762608 0 0 16757908 0 0 0 0 0 0 0 2222
1 19786 19786 19786 -19786 -19786 -19786 0 0 0 0 0 0 0 0 0 0 0 0 2223
1 19536 19536 19536 -19536 -19536 -19536 0 0 0 0 0 0 0 0 0 0 0 0 2224
2 0 36800 552 0 0 0 0 0 0 0 0 0 9200 4600 2224
4 0 16764608 0 0 16758416 0 0 0 0 0 0 0 2224
1 19286 19286 19286 -19286 -19286 -19286 0 0 0 0 0 0 0 0 0 0 0 0 2225
1 19036 19036 19036 -19036 -19036 -19036 0 0 0 0 0 0 0 0 0 0 0 0 2226
2 0 37200 558 0 0 0 0 0 0 0 0 0 9300 4650 2226
4 0 16766608 0 0 16758924 0 0 0 0 0 0 0 2226
3 0 930 0 0 0 0 0 0 0 0 0 1 1 0 0 78 69 2226
1 18786 18786 18786 -18786 -18786 -18786 0 0 0 0 0 0 0 0 0 0 0 0 2227
1 18536 18536 18536 -18536 -18536 -18536 0 0 0 0 0 0 0 0 0 0 0 0 2228
2 0 37600 564 0 0 0 0 0 0 0 0 0 9400 4700 2228
4 0 16768608 0 0 16759432 0 0 0 0 0 0 0 2228
1 18286 18286 18286 -18286 -18286 -18286 0 0 0 0 0 0 0 0 0 0 0 0 2229
1 18036 18036 18036 -18036 -18036 -18036 0 0 0 0 0 0 0 0 0 0 0 0 2230
2 0 38000 570 0 0 0 0 0 0 0 0 0 9500 4750 2230
4 0 16770608 0 0 16759940 0 0 0 0 0 0 0 2230
1 17786 17786 17786 -17786 -17786 -17786 0 0 0 0 0 0 0 0 0 0 0 0 2231
1 17536 17536 17536 -17536 -17536 -17536 0 0 0 0 0 0 0 0 0 0 0 0 2232
2 0 38400 576 0 0 0 0 0 0 0 0 0 9600 4800 2232
4 0 16772608 0 0 16760448 0 0 0 0 0 0 0 2232
3 0 960 0 0 0 0 0 0 0 0 0 1 1 0 0 78 69 2232
1 17286 17286 17286 -17286 -17286 -17286 0 0 0 0 0 0 0 0 0 0 0 0 2233
1 17036 17036 17036 -17036 -17036 -17036 0 0 0 0 0 0 0 0 0 0 0 0 2234
2 0 38800 582 0 0 0 0 0 0 0 0 0 9700 4850 2234
4 0 16774608 0 0 16760956 0 0 0 0 0 0 0 2234
1 16786 16786 16786 -16786 -16786 -16786 0 0 0 0 0 0 0 0 0 0 0 0 2235
1 16536 16536 16536 -16536 -16536 -16536 0 0 0 0 0 0 0 0 0 0 0 0 2236
2 0 39200 588 0 0 0 0 0 0 0 0 0 9800 4900 2236
4 0 16776608 0 0 16761464 0 0 0 0 0 0 0 2236
1 16286 16286 16286 -16286 -16286 -16286 0 0 0 0 0 0 0 0 0 0 0 0 2237
1 16036 16036 16036 -16036 -16036 -16036 0 0 0 0 0 0 0 0 0 0 0 0 2238
2 0 39600 594 0 0 0 0 0 0 0 0 0 9900 4950 2238
