***
CARRO: TR-06
PISTA: SkidPad ECPA
PILOTO: Jonas
TEMPERATURA AMBIENTE: 
ANTIROLL: 
PRESSÃO PNEUS DIANTEIROS: 
PRESSÃO PNEUS TASEIROS: 
ÂNGULO DE ATAQUE DA ASA: 
MAPA MOTOR: 
BALANCE BAR: 
DIFERENCIAL: 
COMENTÁRIOS: Fs = 40Hz
***

2 2474 2689 0 354 423 2274 1 1818 1738

1 -1058 4094 15346 0 0 0 1739

1 -940 3356 12268 0 0 0 1740

2 2402 2686 0 351 420 2271 1 1912 1740

3 848 1389 0 1 0 0 0 1740

1 -886 4248 15566 0 0 0 1741

1 -1006 4228 16974 0 0 0 1742

2 2402 2686 0 347 416 2265 1 1900 1742

1 -938 3842 12802 0 0 0 1743

1 -896 3468 13108 0 0 0 1744

2 2474 2696 0 345 414 2265 1 1877 1744

1 -916 4180 16744 0 0 0 1745

1 -1126 4678 16296 0 0 0 1746

2 2338 2681 0 345 414 2260 1 1884 1746

1 -898 3526 12096 0 0 0 1747

1 -1184 3494 15532 0 0 0 1748

2 2352 2696 0 344 412 2261 1 1890 1748

1 -1040 4092 15190 0 0 0 1749

1 -792 3488 12478 0 0 0 1750

2 2369 2686 0 345 415 2261 1 1940 1750

1 -794 3326 12710 0 0 0 1751

1 -1060 4218 16630 0 0 0 1752

2 2455 2696 0 342 410 2256 1 1887 1752

1 -962 4220 13266 0 0 0 1753

1 -842 3328 13294 0 0 0 1754

2 2393 2694 0 342 407 2256 1 1897 1754

1 -1164 3648 15150 0 0 0 1755

1 -1172 4584 16248 0 0 0 1756

2 2457 2679 0 354 420 2277 1 1929 1756

1 -800 3366 12532 0 0 0 1757

1 -1114 4228 16806 0 0 0 1758

2 2445 2691 0 355 419 2278 1 1945 1758

1 -1172 4014 12784 0 0 0 1759

1 -828 3566 12280 0 0 0 1760

2 2379 2679 0 353 418 2274 1 1920 1760

3 849 1384 0 1 0 0 0 1760

1 -1286 4254 14696 0 0 0 1761

1 -1004 4002 14212 0 0 0 1762

2 2462 2691 0 352 416 2268 1 1970 1762

1 -748 3288 13450 0 0 0 1763

1 -698 3292 13920 0 0 0 1764

2 2355 2679 0 350 413 2267 1 1846 1764

1 -1192 4140 17084 0 0 0 1765

1 -810 4052 13536 0 0 0 1766

2 2286 2694 0 345 411 2265 1 1934 1766

1 -976 3780 12724 0 0 0 1767

1 -1202 3454 13590 0 0 0 1768

2 2217 2686 0 347 411 2261 1 1914 1768

1 -1172 4162 12868 0 0 0 1769

1 -1084 3624 14338 0 0 0 1770

2 2043 2689 0 346 409 2261 1 1854 1770

1 -882 3564 14454 0 0 0 1771

1 -756 3424 14022 0 0 0 1772

2 1898 2714 0 343 407 2257 1 1932 1772

1 -1170 4636 13578 0 0 0 1773

1 -948 4326 14728 0 0 0 1774

2 1788 2730 0 343 407 2256 1 2022 1774

1 -592 3260 14848 0 0 0 1775

1 -1000 3276 14548 0 0 0 1776

2 1772 2727 0 343 405 2256 1 1893 1776

1 -560 4076 14260 0 0 0 1777

1 -1572 4334 15286 0 0 0 1778

2 1602 2732 0 359 421 2278 1 1959 1778

1 -380 4044 13362 0 0 0 1779

1 -882 4840 15576 0 0 0 1780

2 1412 2745 0 355 418 2275 1 1908 1780

3 849 1391 0 1 0 0 0 1780

1 -986 4778 15522 0 0 0 1781

1 -1014 3084 14374 0 0 0 1782

2 1221 2791 0 355 416 2273 1 1876 1782

1 -970 3020 13604 0 0 0 1783

1 -592 4746 14740 0 0 0 1784

2 1131 2806 0 352 416 2271 1 1883 1784

1 -482 4428 16608 0 0 0 1785

1 -1462 2952 13054 0 0 0 1786

2 1169 2819 0 352 415 2265 1 1962 1786

1 -854 3278 11730 0 0 0 1787

1 -658 4676 15992 0 0 0 1788

2 1245 2829 0 351 413 2266 1 1826 1788

1 -892 3134 13524 0 0 0 1789

1 -924 4204 13932 0 0 0 1790

2 1505 2819 0 348 411 2262 1 1860 1790

1 -762 2910 13830 0 0 0 1791

1 -576 3768 13184 0 0 0 1792

2 1563 2824 0 345 410 2258 1 1865 1792

1 -996 3668 15760 0 0 0 1793

1 -1498 3026 13912 0 0 0 1794

2 1556 2806 0 342 407 2256 1 1873 1794

1 -910 4468 14142 0 0 0 1795

1 -1428 3354 14970 0 0 0 1796

2 1549 2798 0 342 407 2256 1 1865 1796

1 -526 4376 14196 0 0 0 1797

1 -826 4750 14804 0 0 0 1798

2 1616 2793 0 354 419 2277 1 1970 1798

1 -516 3448 12966 0 0 0 1799

1 -374 4222 14384 0 0 0 1800

2 1709 2793 0 352 416 2272 1 1886 1800

3 850 1388 0 1 0 0 0 1800

1 -1578 4258 15144 0 0 0 1801

1 -954 3038 14666 0 0 0 1802

2 1705 2791 0 351 416 2272 1 1928 1802

1 -676 3768 13806 0 0 0 1803

1 -1338 4464 14808 0 0 0 1804

2 1723 2798 0 351 416 2268 1 1880 1804

1 -650 3830 14482 0 0 0 1805

1 -916 4324 14176 0 0 0 1806

2 1816 2786 0 351 415 2268 1 1910 1806

1 -778 3636 15068 0 0 0 1807

1 -668 3790 14458 0 0 0 1808

2 2050 2763 0 348 411 2264 1 1950 1808

1 -1088 3258 14734 0 0 0 1809

1 -1078 3598 15916 0 0 0 1810

2 2150 2747 0 346 411 2264 1 1927 1810

1 -1032 4134 15632 0 0 0 1811

1 -714 4214 13426 0 0 0 1812

2 2074 2758 0 347 411 2262 1 1960 1812

1 -886 4054 13774 0 0 0 1813

1 -880 3640 12394 0 0 0 1814

2 2264 2735 0 343 408 2256 1 1844 1814

1 -940 3448 14944 0 0 0 1815

1 -988 4290 15902 0 0 0 1816

2 2433 2740 0 341 405 2256 1 1879 1816

1 -872 4278 14456 0 0 0 1817

1 -882 3532 12286 0 0 0 1818

2 2302 2714 0 340 404 2256 1 1913 1818

1 -978 3638 15380 0 0 0 1819

1 -1128 4656 16180 0 0 0 1820

2 2398 2704 0 352 417 2273 1 1926 1820

3 850 1388 0 1 0 0 0 1820

1 -862 3502 13802 0 0 0 1821

1 -738 3578 12280 0 0 0 1822

2 2288 2722 0 349 414 2271 1 1912 1822

1 -1010 3436 14574 0 0 0 1823

1 -1098 3594 16614 0 0 0 1824

2 2205 2699 0 351 416 2272 1 1986 1824

1 -1120 4106 14106 0 0 0 1825

1 -658 3342 12194 0 0 0 1826

2 2348 2717 0 350 415 2268 1 1872 1826

1 -716 3306 12438 0 0 0 1827

1 -1100 3746 15948 0 0 0 1828

2 2295 2694 0 348 414 2265 1 1921 1828

1 -1078 4206 14780 0 0 0 1829

1 -758 3430 12174 0 0 0 1830

2 2371 2686 0 350 413 2266 1 1851 1830

1 -882 3440 12504 0 0 0 1831

1 -1178 3956 16770 0 0 0 1832

2 2343 2709 0 344 411 2261 1 1909 1832

1 -834 4148 14468 0 0 0 1833

1 -742 3426 12358 0 0 0 1834

2 2362 2689 0 345 411 2259 1 1933 1834

1 -758 3356 12950 0 0 0 1835

1 -1294 4118 16640 0 0 0 1836

2 2333 2707 0 342 407 2260 1 1820 1836

1 -1200 4118 13354 0 0 0 1837

1 -932 3308 12950 0 0 0 1838

2 2314 2686 0 342 407 2262 1 1882 1838

1 -894 4468 17168 0 0 0 1839

1 -1054 4394 16830 0 0 0 1840

2 2410 2696 0 341 405 2259 1 1820 1840

3 851 1389 0 1 0 0 0 1840

1 -1062 4482 17156 0 0 0 1841

1 -902 3568 14358 0 0 0 1842

2 2364 2691 0 351 417 2278 1 1944 1842

1 -1212 4714 15932 0 0 0 1843

1 -842 3332 12234 0 0 0 1844

2 2390 2694 0 351 417 2276 1 1937 1844

1 -750 3388 12370 0 0 0 1845

1 -920 3558 15584 0 0 0 1846

2 2350 2691 0 349 414 2272 1 1919 1846

1 -1264 4040 15064 0 0 0 1847

1 -692 3312 12022 0 0 0 1848

2 2319 2679 0 348 413 2273 1 1871 1848

1 -682 3140 12310 0 0 0 1849

1 -940 4096 16536 0 0 0 1850

2 2395 2694 0 346 412 2270 1 1894 1850

1 -878 3998 13504 0 0 0 1851

1 -772 3434 12360 0 0 0 1852

2 2357 2684 0 345 409 2265 1 1957 1852

1 -730 3344 13308 0 0 0 1853

1 -1126 4206 17128 0 0 0 1854

2 2326 2696 0 345 409 2262 1 1801 1854

1 -924 3388 12312 0 0 0 1855

1 -766 3506 13926 0 0 0 1856

2 2405 2684 0 343 407 2263 1 1961 1856

1 -1106 4342 16150 0 0 0 1857

1 -902 3628 12338 0 0 0 1858

2 2352 2679 0 340 405 2259 1 1853 1858

1 -844 3138 12324 0 0 0 1859

1 -998 4368 16628 0 0 0 1860

2 2452 2696 0 340 404 2259 1 1865 1860

3 851 1385 0 1 0 0 0 1860

1 -728 3150 13014 0 0 0 1861

1 -708 3552 13752 0 0 0 1862

2 2412 2681 0 354 419 2278 1 1933 1862

1 -992 4036 15988 0 0 0 1863

1 -1290 4312 14486 0 0 0 1864

2 2469 2699 0 352 418 2276 1 1900 1864

1 -640 3258 13726 0 0 0 1865

1 -984 4502 16612 0 0 0 1866

2 2436 2681 0 354 419 2279 1 1922 1866

1 -934 4090 13832 0 0 0 1867

1 -882 3312 12668 0 0 0 1868

2 2355 2691 0 350 415 2269 1 1900 1868

1 -1122 4304 16626 0 0 0 1869

1 -1040 3860 12558 0 0 0 1870

2 2462 2679 0 348 414 2269 1 1916 1870

1 -914 3618 14924 0 0 0 1871

1 -1044 4108 16488 0 0 0 1872

2 2395 2696 0 346 411 2266 1 1882 1872

1 -972 4068 13594 0 0 0 1873

1 -810 3266 12818 0 0 0 1874

2 2452 2681 0 347 412 2266 1 1903 1874

1 -1046 4156 16676 0 0 0 1875

1 -1000 3954 12872 0 0 0 1876

2 2426 2684 0 345 407 2263 1 1796 1876

1 -770 3386 12230 0 0 0 1877

1 -960 3754 15522 0 0 0 1878

2 2312 2694 0 341 406 2261 1 1924 1878

1 -920 4292 15594 0 0 0 1879

1 -916 3716 12532 0 0 0 1880

2 2355 2676 0 340 405 2259 1 1879 1880

3 852 1382 0 1 0 0 0 1880

1 -1250 3778 16190 0 0 0 1881

1 -1098 3854 16238 0 0 0 1882

2 2295 2696 0 341 404 2260 1 1933 1882

1 -1234 4342 14034 0 0 0 1883

1 -842 3466 12412 0 0 0 1884

2 2407 2679 0 353 418 2280 1 1983 1884

1 -842 3408 13338 0 0 0 1885

1 -1104 3976 16750 0 0 0 1886

2 2288 2691 0 351 416 2273 1 1912 1886

1 -1026 3818 13406 0 0 0 1887

1 -702 3108 13078 0 0 0 1888

2 2412 2679 0 352 416 2274 1 1907 1888

1 -870 3512 14714 0 0 0 1889

1 -1032 4190 16526 0 0 0 1890

2 2371 2694 0 348 414 2271 1 1928 1890

1 -810 3298 12042 0 0 0 1891

1 -742 3576 14818 0 0 0 1892

2 2424 2681 0 349 414 2270 1 1901 1892

1 -1206 4348 15278 0 0 0 1893

1 -708 3222 11952 0 0 0 1894

2 2440 2696 0 347 409 2266 1 1841 1894

1 -588 3282 13238 0 0 0 1895

1 -1082 4192 16708 0 0 0 1896

2 2407 2696 0 344 408 2264 1 1952 1896

1 -894 3486 12346 0 0 0 1897

1 -728 3468 13970 0 0 0 1898

2 2481 2679 0 343 407 2261 1 1948 1898

1 -988 4020 16388 0 0 0 1899

1 -1034 3972 13830 0 0 0 1900

2 2390 2699 0 343 405 2262 1 1866 1900

3 852 1388 0 1 0 0 0 1900

1 -1038 4118 16860 0 0 0 1901

1 -928 4214 16768 0 0 0 1902

2 2417 2676 0 340 405 2262 1 1861 1902

1 -1014 4290 15534 0 0 0 1903

1 -996 3596 12212 0 0 0 1904

2 2414 2699 0 355 419 2282 1 1896 1904

1 -936 4022 16074 0 0 0 1905

1 -990 4098 13990 0 0 0 1906

2 2355 2679 0 351 416 2276 1 1837 1906

1 -998 3602 12534 0 0 0 1907

1 -828 3326 13618 0 0 0 1908

2 2412 2694 0 351 417 2276 1 1945 1908

1 -922 4304 16406 0 0 0 1909

1 -1024 3678 12500 0 0 0 1910

2 2364 2684 0 350 416 2273 1 1913 1910

1 -894 3472 14366 0 0 0 1911

1 -926 4592 16594 0 0 0 1912

2 2438 2694 0 351 414 2272 1 1918 1912

1 -816 4402 14728 0 0 0 1913

1 -802 3504 12312 0 0 0 1914

2 2462 2696 0 350 412 2268 1 1884 1914

1 -1066 4048 16502 0 0 0 1915

1 -1154 4252 13804 0 0 0 1916

2 2390 2676 0 349 410 2267 1 1803 1916

1 -966 3472 12464 0 0 0 1917

1 -842 3726 15202 0 0 0 1918

2 2467 2694 0 345 409 2266 1 1944 1918

1 -1010 3880 14422 0 0 0 1919

1 -766 3096 12686 0 0 0 1920

2 2474 2676 0 343 405 2260 1 1871 1920

3 852 1387 0 1 0 0 0 1920

1 -950 3494 12586 0 0 0 1921

1 -1082 4586 15798 0 0 0 1922

2 2398 2699 0 341 403 2260 1 1905 1922

1 -784 3266 12536 0 0 0 1923

1 -1096 4386 16946 0 0 0 1924

2 2417 2679 0 342 406 2260 1 1856 1924

1 -884 3760 12322 0 0 0 1925

1 -936 3826 12330 0 0 0 1926

2 2440 2691 0 354 418 2279 1 1940 1926

1 -896 4046 15866 0 0 0 1927

1 -1120 4522 15062 0 0 0 1928

2 2333 2681 0 351 413 2273 1 1877 1928

1 -678 2964 12958 0 0 0 1929

1 -936 4254 16886 0 0 0 1930

2 2445 2691 0 352 417 2276 1 1915 1930

1 -1050 4124 15210 0 0 0 1931

1 -1036 3266 12462 0 0 0 1932

2 2433 2679 0 350 413 2266 1 1974 1932

1 -866 4114 16296 0 0 0 1933

1 -1136 4442 14182 0 0 0 1934

2 2348 2673 0 353 416 2267 1 1864 1934

1 -1162 3570 12374 0 0 0 1935

1 -1022 3822 14996 0 0 0 1936

2 2436 2696 0 350 413 2260 1 1993 1936

1 -928 4394 15142 0 0 0 1937

1 -1006 3206 12244 0 0 0 1938

2 2467 2676 0 349 412 2256 1 1870 1938

1 -940 4220 16680 0 0 0 1939

1 -956 4688 17162 0 0 0 1940

2 2362 2696 0 347 408 2252 1 1878 1940

3 853 1389 0 1 0 0 0 1940

1 -910 3472 13522 0 0 0 1941

1 -976 3402 14194 0 0 0 1942

2 2440 2676 0 340 404 2249 1 1894 1942

1 -948 4238 16356 0 0 0 1943

1 -1176 4256 15698 0 0 0 1944

2 2402 2691 0 342 404 2245 1 1931 1944

1 -892 3336 12476 0 0 0 1945

1 -910 3612 15682 0 0 0 1946

2 2274 2679 0 356 418 2266 1 1838 1946

1 -1148 4494 15552 0 0 0 1947

1 -914 3530 12158 0 0 0 1948

2 2271 2689 0 355 417 2261 1 1972 1948

1 -844 3106 12520 0 0 0 1949

1 -856 4172 16526 0 0 0 1950

2 2476 2686 0 353 416 2257 1 1883 1950

1 -1140 4066 13468 0 0 0 1951

1 -752 3150 12626 0 0 0 1952

2 2340 2679 0 352 414 2253 1 1809 1952

1 -664 3488 14560 0 0 0 1953

1 -966 4266 16502 0 0 0 1954

2 2300 2694 0 347 410 2250 1 1939 1954

1 -928 3420 12066 0 0 0 1955

1 -606 3384 14244 0 0 0 1956

2 2426 2679 0 348 410 2248 1 1821 1956

1 -750 3874 15962 0 0 0 1957

1 -1050 4222 14864 0 0 0 1958

2 2343 2699 0 344 407 2245 1 1885 1958

1 -712 3184 12224 0 0 0 1959

1 -894 4168 16200 0 0 0 1960

2 2357 2681 0 345 407 2244 1 1941 1960

3 853 1389 0 1 0 0 0 1960

1 -650 3186 12300 0 0 0 1961

1 -1166 3776 12702 0 0 0 1962

2 2488 2679 0 341 403 2241 1 1974 1962

1 -728 3840 15110 0 0 0 1963

1 -1000 4256 15494 0 0 0 1964

2 2388 2689 0 341 402 2241 1 1787 1964

1 -472 3102 12616 0 0 0 1965

1 -942 4270 16832 0 0 0 1966

2 2386 2686 0 339 402 2241 1 1933 1966

1 -1220 4102 15484 0 0 0 1967

1 -820 3430 12096 0 0 0 1968

2 2405 2691 0 352 415 2258 1 1819 1968

1 -898 4390 16464 0 0 0 1969

1 -1088 3740 13380 0 0 0 1970

2 2498 2689 0 354 417 2258 1 1905 1970

1 -830 3244 12114 0 0 0 1971

1 -628 4010 14894 0 0 0 1972

2 2360 2694 0 354 417 2257 1 1933 1972

1 -1196 3966 14314 0 0 0 1973

1 -868 3034 12014 0 0 0 1974

2 2476 2673 0 352 414 2253 1 1889 1974

1 -710 3328 13452 0 0 0 1975

1 -1034 4390 16822 0 0 0 1976

2 2400 2696 0 349 411 2249 1 1901 1976

1 -734 3254 11912 0 0 0 1977

1 -798 3834 14914 0 0 0 1978

2 2364 2673 0 346 408 2247 1 1935 1978

1 -1068 4102 15058 0 0 0 1979

1 -1314 4226 13872 0 0 0 1980

2 2448 2696 0 347 407 2245 1 1958 1980

3 854 1388 0 1 0 0 0 1980

1 -1024 4086 16634 0 0 0 1981

1 -1006 4396 17168 0 0 0 1982

2 2329 2689 0 345 409 2245 1 1822 1982

1 -1004 3786 12638 0 0 0 1983

1 -714 3314 13172 0 0 0 1984

2 2431 2686 0 343 405 2245 1 1949 1984

1 -812 3670 15104 0 0 0 1985

1 -1252 4544 16286 0 0 0 1986

2 2333 2691 0 343 405 2242 1 1778 1986

1 -760 3190 12052 0 0 0 1987

1 -1114 4006 16734 0 0 0 1988

2 2440 2684 0 357 418 2262 1 2015 1988

1 -1016 4470 17088 0 0 0 1989

1 -950 3788 12640 0 0 0 1990

2 2367 2694 0 355 417 2260 1 1893 1990

1 -802 4142 15320 0 0 0 1991

1 -1202 4528 15034 0 0 0 1992

2 2443 2676 0 353 416 2254 1 1845 1992

1 -776 3296 12356 0 0 0 1993

1 -864 3634 14142 0 0 0 1994

2 2474 2696 0 352 414 2255 1 1993 1994

1 -1048 4330 16016 0 0 0 1995

1 -830 3306 12326 0 0 0 1996

2 2448 2679 0 353 413 2251 1 1899 1996

1 -960 4256 16522 0 0 0 1997

1 -1254 4492 17390 0 0 0 1998

2 2455 2696 0 349 412 2247 1 1927 1998

1 -1070 3384 12106 0 0 0 1999

1 -834 4086 15462 0 0 0 2000

2 2424 2686 0 348 411 2247 1 1936 2000

3 854 1388 0 1 0 0 0 2000

1 -844 3364 11952 0 0 0 2001

1 -798 3250 12218 0 0 0 2002

2 2438 2691 0 345 406 2243 1 1891 2002

1 -670 3622 13802 0 0 0 2003

1 -1254 4510 17200 0 0 0 2004

2 2324 2684 0 342 404 2240 1 1868 2004

1 -976 3620 12180 0 0 0 2005

1 -854 3584 14626 0 0 0 2006

2 2383 2686 0 341 405 2241 1 1941 2006

1 -1120 4244 16400 0 0 0 2007

1 -1340 4110 15116 0 0 0 2008

2 2360 2684 0 340 403 2240 1 1943 2008

1 -770 3300 12402 0 0 0 2009

1 -1166 4266 16932 0 0 0 2010

2 2352 2676 0 351 415 2259 1 1943 2010

1 -1078 4134 13232 0 0 0 2011

1 -810 3626 12658 0 0 0 2012

2 2426 2694 0 353 417 2257 1 1919 2012

1 -874 3646 14926 0 0 0 2013

1 -1216 4288 16888 0 0 0 2014

2 2302 2679 0 350 415 2254 1 1887 2014

1 -810 3360 12306 0 0 0 2015

1 -554 3040 11980 0 0 0 2016

2 2424 2696 0 351 412 2252 1 1952 2016

1 -1272 4590 17280 0 0 0 2017

1 -1076 3634 12722 0 0 0 2018

2 2407 2679 0 347 410 2249 1 1887 2018

1 -866 3832 14796 0 0 0 2019

1 -1242 4290 16782 0 0 0 2020

2 2350 2686 0 345 408 2247 1 1977 2020

3 855 1386 0 1 0 0 0 2020

1 -736 3224 12304 0 0 0 2021

1 -434 3052 12544 0 0 0 2022

2 2462 2689 0 344 407 2246 1 1850 2022

1 -1206 4620 17558 0 0 0 2023

1 -952 3492 12320 0 0 0 2024

2 2445 2686 0 340 404 2246 1 1924 2024

1 -724 3196 12406 0 0 0 2025

1 -1086 4104 16362 0 0 0 2026

2 2376 2681 0 335 400 2244 1 1892 2026

1 -1076 3902 13238 0 0 0 2027

1 -528 3216 13004 0 0 0 2028

2 2398 2676 0 335 399 2244 1 1868 2028

1 -938 3900 15558 0 0 0 2029

1 -1072 4044 15616 0 0 0 2030

2 2388 2696 0 346 410 2263 1 1969 2030

1 -794 3030 12168 0 0 0 2031

1 -906 3952 16374 0 0 0 2032

2 2336 2676 0 351 413 2261 1 1840 2032

1 -1164 4378 17018 0 0 0 2033

1 -842 3594 12270 0 0 0 2034

2 2374 2699 0 349 411 2262 1 1917 2034

1 -708 3638 14456 0 0 0 2035

1 -1182 4232 16298 0 0 0 2036

2 2474 2679 0 347 409 2256 1 1986 2036

1 -934 3208 12098 0 0 0 2037

1 -758 3830 15322 0 0 0 2038

2 2345 2686 0 349 412 2257 1 1970 2038

1 -970 4144 16902 0 0 0 2039

1 -1044 3736 13202 0 0 0 2040

2 2398 2684 0 347 407 2252 1 1873 2040

3 855 1385 0 1 0 0 0 2040

1 -988 4184 16774 0 0 0 2041

1 -1058 4332 16784 0 0 0 2042

2 2419 2689 0 344 406 2249 1 1996 2042

1 -1020 4266 16016 0 0 0 2043

1 -1086 3490 12302 0 0 0 2044

2 2357 2681 0 344 408 2248 1 1886 2044

1 -728 3678 15460 0 0 0 2045

1 -958 4404 15402 0 0 0 2046

2 2319 2689 0 344 406 2246 1 1871 2046

1 -1042 3576 12648 0 0 0 2047

1 -702 3530 13338 0 0 0 2048

2 2386 2696 0 340 402 2241 1 1922 2048

1 -1098 4174 16470 0 0 0 2049

1 -1076 3788 12420 0 0 0 2050

2 2355 2673 0 338 401 2241 1 1822 2050

1 -672 3810 15120 0 0 0 2051

1 -1002 4258 16686 0 0 0 2052

2 2302 2696 0 350 412 2260 1 1994 2052

1 -998 3934 13210 0 0 0 2053

1 -740 3298 12702 0 0 0 2054

2 2424 2676 0 353 415 2258 1 1947 2054

1 -1082 4224 16914 0 0 0 2055

1 -1136 3840 12778 0 0 0 2056

2 2371 2696 0 350 412 2254 1 1989 2056

1 -822 3530 12012 0 0 0 2057

1 -974 3978 16024 0 0 0 2058

2 2395 2686 0 348 410 2252 1 1921 2058

1 -1060 3944 13822 0 0 0 2059

1 -758 3384 12470 0 0 0 2060

2 2443 2694 0 350 411 2249 1 1983 2060

3 856 1390 0 1 0 0 0 2060

1 -1040 3868 13384 0 0 0 2061

1 -1180 4558 17000 0 0 0 2062

2 2324 2684 0 348 410 2248 1 1807 2062

1 -884 3554 12158 0 0 0 2063

1 -930 3730 15248 0 0 0 2064

2 2343 2689 0 345 408 2246 1 1916 2064

1 -1058 4470 16984 0 0 0 2065

1 -1268 3984 13608 0 0 0 2066

2 2374 2684 0 345 408 2244 1 1869 2066

1 -684 3596 13648 0 0 0 2067

1 -1244 4500 17292 0 0 0 2068

2 2362 2676 0 344 406 2240 1 1838 2068

1 -1076 3388 12170 0 0 0 2069

1 -764 3214 12144 0 0 0 2070

2 2329 2696 0 343 404 2240 1 1868 2070

1 -1010 4188 16966 0 0 0 2071

1 -1224 4184 14660 0 0 0 2072

2 2386 2684 0 356 417 2261 1 1918 2072

1 -750 3282 12634 0 0 0 2073

1 -1146 4170 16788 0 0 0 2074

2 2338 2696 0 354 416 2261 1 1911 2074

1 -1240 4538 17276 0 0 0 2075

1 -960 3860 12946 0 0 0 2076

2 2271 2689 0 353 415 2260 1 1917 2076

1 -768 3568 14158 0 0 0 2077

1 -1170 4272 16890 0 0 0 2078

2 2438 2689 0 351 412 2255 1 2008 2078

1 -1288 4232 15184 0 0 0 2079

1 -638 3196 11824 0 0 0 2080

2 2348 2681 0 352 414 2256 1 1856 2080

3 856 1386 0 1 0 0 0 2080

1 -1312 4230 14670 0 0 0 2081

1 -1038 4010 14038 0 0 0 2082

2 2364 2686 0 348 411 2253 1 1957 2082

1 -760 3298 13372 0 0 0 2083

1 -468 3560 13976 0 0 0 2084

2 2400 2686 0 346 409 2251 1 1922 2084

1 -1386 4236 15494 0 0 0 2085

1 -624 3034 11854 0 0 0 2086

2 2364 2679 0 343 406 2246 1 1858 2086

1 -1124 4358 16914 0 0 0 2087

1 -1010 4340 16998 0 0 0 2088

2 2364 2694 0 341 405 2243 1 1899 2088

1 -938 3318 12246 0 0 0 2089

1 -632 3608 14388 0 0 0 2090

2 2395 2681 0 342 405 2242 1 1906 2090

1 -1336 4066 14808 0 0 0 2091

1 -504 3128 12132 0 0 0 2092

2 2436 2694 0 340 401 2241 1 1898 2092

1 -602 3416 13938 0 0 0 2093

1 -1068 4210 16872 0 0 0 2094

2 2343 2679 0 354 416 2260 1 1982 2094

1 -864 3096 12122 0 0 0 2095

1 -702 3784 15144 0 0 0 2096

2 2383 2686 0 353 415 2259 1 1961 2096

1 -1046 3976 16900 0 0 0 2097

1 -1032 4018 13696 0 0 0 2098

2 2424 2684 0 351 414 2255 1 1881 2098

1 -486 3250 12692 0 0 0 2099

1 -1004 4250 16890 0 0 0 2100

2 2400 2686 0 350 414 2255 1 1955 2100

3 857 1388 0 1 0 0 0 2100

1 -532 3348 13330 0 0 0 2101

1 -934 3532 12114 0 0 0 2102

2 2381 2686 0 348 411 2250 1 1855 2102

1 -866 3966 15592 0 0 0 2103

1 -1066 4112 14990 0 0 0 2104

2 2393 2684 0 346 409 2248 1 1938 2104

1 -540 3014 12054 0 0 0 2105

1 -654 3292 13042 0 0 0 2106

2 2381 2694 0 345 408 2247 1 1880 2106

1 -1130 4250 16794 0 0 0 2107

1 -1058 3764 12662 0 0 0 2108

2 2414 2681 0 343 405 2243 1 1897 2108

1 -678 3558 14650 0 0 0 2109

1 -1022 4442 16372 0 0 0 2110

2 2350 2694 0 340 403 2242 1 1897 2110

1 -1088 3808 13464 0 0 0 2111

1 -750 3376 12568 0 0 0 2112

2 2343 2679 0 338 401 2241 1 1861 2112

1 -1196 4264 17002 0 0 0 2113

1 -1214 3926 13112 0 0 0 2114

2 2362 2684 0 349 412 2257 1 1922 2114

1 -850 3430 12266 0 0 0 2115

1 -978 3964 15246 0 0 0 2116

2 2424 2684 0 350 412 2260 1 1916 2116

1 -954 4326 14820 0 0 0 2117

1 -700 3156 12288 0 0 0 2118

2 2402 2681 0 352 414 2260 1 1921 2118

1 -796 3558 13692 0 0 0 2119

1 -1198 4714 17182 0 0 0 2120

2 2417 2686 0 349 411 2258 1 1818 2120

3 858 1382 0 1 0 0 0 2120

1 -960 3954 15238 0 0 0 2121

1 -944 4320 16386 0 0 0 2122

2 2450 2684 0 344 409 2256 1 1915 2122

1 -1024 3560 12626 0 0 0 2123

1 -1058 3582 12586 0 0 0 2124

2 2376 2696 0 347 408 2261 1 1824 2124

1 -894 4216 15868 0 0 0 2125

1 -1282 4116 13968 0 0 0 2126

2 2436 2673 0 344 407 2254 1 1889 2126

1 -574 3418 13484 0 0 0 2127

1 -1064 4342 16990 0 0 0 2128

2 2326 2699 0 344 407 2252 1 1897 2128

1 -1082 4220 15160 0 0 0 2129

1 -862 3468 12250 0 0 0 2130

2 2379 2679 0 343 405 2249 1 1946 2130

1 -888 4144 16216 0 0 0 2131

1 -1334 4338 14348 0 0 0 2132

2 2319 2699 0 339 402 2246 1 1872 2132

1 -1222 4034 13222 0 0 0 2133

1 -762 3366 13344 0 0 0 2134

2 2407 2681 0 339 401 2246 1 1821 2134

1 -972 4348 16888 0 0 0 2135

1 -1030 3884 13092 0 0 0 2136

2 2324 2686 0 346 411 2262 1 1983 2136

1 -762 3500 14150 0 0 0 2137

1 -890 3686 14968 0 0 0 2138

2 2336 2689 0 350 412 2261 1 1921 2138

1 -1254 4402 15192 0 0 0 2139

1 -812 3362 12052 0 0 0 2140

2 2438 2684 0 347 410 2260 1 2001 2140

3 858 1388 0 1 0 0 0 2140

1 -1206 4478 15310 0 0 0 2141

1 -1074 3980 16708 0 0 0 2142

2 2274 2689 0 347 409 2259 1 1958 2142

1 -1168 3982 13562 0 0 0 2143

1 -564 3186 12584 0 0 0 2144

2 2310 2679 0 346 410 2257 1 1921 2144

1 -1224 4400 17164 0 0 0 2145

1 -1078 3720 13408 0 0 0 2146

2 2371 2694 0 345 408 2254 1 1870 2146

1 -954 3416 12222 0 0 0 2147

1 -586 3418 13862 0 0 0 2148

2 2338 2679 0 344 405 2250 1 1924 2148

1 -1254 4354 16208 0 0 0 2149

1 -802 3234 11954 0 0 0 2150

2 2367 2696 0 342 405 2248 1 1803 2150

1 -642 3150 12118 0 0 0 2151

1 -982 4110 16204 0 0 0 2152

2 2331 2696 0 338 401 2245 1 1946 2152

1 -1074 3928 13728 0 0 0 2153

1 -760 3262 12272 0 0 0 2154

2 2395 2676 0 337 399 2245 1 1961 2154

1 -632 3458 13628 0 0 0 2155

1 -1006 4492 16916 0 0 0 2156

2 2398 2696 0 338 398 2245 1 1886 2156

1 -504 2970 12154 0 0 0 2157

1 -876 4184 16106 0 0 0 2158

2 2440 2679 0 352 415 2273 1 1921 2158

1 -1050 3658 13018 0 0 0 2159

1 -1136 3754 12600 0 0 0 2160

2 2371 2694 0 352 414 2271 1 1880 2160

3 858 1384 0 1 0 0 0 2160

1 -1022 4142 15354 0 0 0 2161

1 -992 4184 14548 0 0 0 2162

2 2314 2681 0 349 411 2270 1 1944 2162

1 -728 3214 12564 0 0 0 2163

1 -1106 4088 16424 0 0 0 2164

2 2405 2696 0 345 407 2265 1 1894 2164

1 -1010 4178 16574 0 0 0 2165

1 -1004 4116 13150 0 0 0 2166

2 2264 2681 0 348 409 2265 1 1933 2166

1 -756 3238 13580 0 0 0 2167

1 -1118 4186 17034 0 0 0 2168

2 2336 2699 0 343 406 2263 1 1906 2168

1 -928 4376 16552 0 0 0 2169

1 -956 3994 13260 0 0 0 2170

2 2279 2684 0 345 405 2260 1 1946 2170

1 -810 3328 13758 0 0 0 2171

1 -1222 4476 17030 0 0 0 2172

2 2314 2679 0 340 403 2255 1 1902 2172

1 -970 3878 12804 0 0 0 2173

1 -852 3324 12126 0 0 0 2174

2 2369 2699 0 340 403 2256 1 1880 2174

1 -1108 3824 15832 0 0 0 2175

1 -1176 4434 15568 0 0 0 2176

2 2395 2679 0 338 401 2255 1 1915 2176

1 -880 3464 12486 0 0 0 2177

1 -1002 4308 16606 0 0 0 2178

2 2433 2699 0 351 414 2278 1 1904 2178

1 -1158 4634 16636 0 0 0 2179

1 -878 3372 12384 0 0 0 2180

2 2419 2679 0 351 414 2274 1 1941 2180

3 859 1385 0 1 0 0 0 2180

1 -1296 4374 15248 0 0 0 2181

1 -1186 4080 14784 0 0 0 2182

2 2398 2696 0 350 413 2271 1 1917 2182

1 -1080 3592 12894 0 0 0 2183

1 -708 3342 14100 0 0 0 2184

2 2398 2681 0 346 410 2270 1 1871 2184

1 -1152 4588 15894 0 0 0 2185

1 -798 3476 12172 0 0 0 2186

2 2317 2696 0 347 410 2266 1 1921 2186

1 -878 3312 12640 0 0 0 2187

1 -996 3982 16172 0 0 0 2188

2 2426 2684 0 344 405 2262 1 1966 2188

1 -1058 4160 13968 0 0 0 2189

1 -592 3126 12288 0 0 0 2190

2 2371 2679 0 343 405 2262 1 1878 2190

1 -734 3270 13490 0 0 0 2191

1 -1110 4136 16798 0 0 0 2192

2 2364 2699 0 340 404 2257 1 1929 2192

1 -932 3644 12678 0 0 0 2193

1 -804 3286 13174 0 0 0 2194

2 2355 2681 0 341 404 2258 1 1922 2194

1 -1148 4194 16458 0 0 0 2195

1 -852 3822 12738 0 0 0 2196

2 2286 2696 0 339 400 2255 1 1847 2196

1 -796 3400 11848 0 0 0 2197

1 -906 3538 14492 0 0 0 2198

2 2283 2684 0 338 399 2255 1 1977 2198

1 -1034 4220 16192 0 0 0 2199

1 -882 3906 12676 0 0 0 2200

2 2319 2684 0 350 412 2273 1 1877 2200

3 859 1388 0 1 0 0 0 2200

1 -766 3538 14568 0 0 0 2201

1 -1012 3732 15494 0 0 0 2202

2 2333 2702 0 349 412 2272 1 1947 2202

1 -928 4276 15476 0 0 0 2203

1 -848 3574 12366 0 0 0 2204

2 2355 2681 0 349 410 2271 1 1973 2204

1 -704 3398 12836 0 0 0 2205

1 -1162 4172 16626 0 0 0 2206

2 2317 2696 0 348 410 2267 1 1967 2206

1 -1164 4230 13670 0 0 0 2207

1 -862 3360 12648 0 0 0 2208

2 2383 2679 0 349 413 2267 1 1939 2208

1 -1042 4386 17052 0 0 0 2209

1 -1188 4190 16758 0 0 0 2210

2 2293 2694 0 343 406 2262 1 1978 2210

1 -952 3798 12794 0 0 0 2211

1 -738 3360 13916 0 0 0 2212

2 2395 2681 0 345 407 2261 1 1891 2212

1 -1220 4550 16122 0 0 0 2213

1 -874 3142 12106 0 0 0 2214

2 2412 2696 0 341 401 2256 1 1883 2214

1 -780 3290 13178 0 0 0 2215

1 -1062 4218 16740 0 0 0 2216

2 2336 2679 0 340 401 2255 1 1931 2216

1 -1022 3710 12920 0 0 0 2217

1 -710 3330 13708 0 0 0 2218

2 2317 2696 0 341 401 2256 1 1880 2218

1 -914 3992 15858 0 0 0 2219

1 -1108 4100 14874 0 0 0 2220

2 2331 2694 0 351 412 2275 1 1971 2220

3 860 1385 0 1 0 0 0 2220

1 -1002 4058 16390 0 0 0 2221

1 -1038 4004 16302 0 0 0 2222

2 2333 2681 0 352 412 2273 1 1983 2222

1 -1092 4072 13850 0 0 0 2223

1 -998 3408 12314 0 0 0 2224

2 2333 2699 0 353 415 2275 1 1884 2224

1 -754 3478 14582 0 0 0 2225

1 -1082 4368 16148 0 0 0 2226

2 2457 2679 0 350 411 2269 1 1946 2226

1 -786 3368 12312 0 0 0 2227

1 -906 3108 12330 0 0 0 2228

2 2340 2699 0 347 408 2266 1 1956 2228

1 -1146 4250 16516 0 0 0 2229

1 -804 3356 12322 0 0 0 2230

2 2350 2681 0 346 408 2263 1 1865 2230

1 -868 3656 15070 0 0 0 2231

1 -856 4204 15518 0 0 0 2232

2 2426 2696 0 344 406 2260 1 1962 2232

1 -618 3778 13288 0 0 0 2233

1 -778 3264 12800 0 0 0 2234

2 2324 2681 0 343 404 2258 1 1956 2234

1 -1208 4284 16376 0 0 0 2235

1 -864 3532 12320 0 0 0 2236

2 2379 2699 0 341 405 2256 1 1828 2236

1 -640 3026 12284 0 0 0 2237

1 -1004 4074 16420 0 0 0 2238

2 2343 2694 0 340 402 2255 1 1955 2238

1 -1060 3618 12970 0 0 0 2239

1 -688 3304 12810 0 0 0 2240

2 2293 2679 0 338 400 2256 1 1860 2240

3 860 1387 0 1 0 0 0 2240

1 -986 3844 13484 0 0 0 2241

1 -980 4346 16880 0 0 0 2242

2 2305 2699 0 349 413 2274 1 1967 2242

1 -772 3580 12256 0 0 0 2243

1 -826 3490 13786 0 0 0 2244

2 2371 2681 0 353 413 2272 1 1933 2244

1 -1020 4250 16414 0 0 0 2245

1 -1152 4688 16240 0 0 0 2246

2 2355 2702 0 347 410 2267 1 1907 2246

1 -896 3594 12190 0 0 0 2247

1 -1046 3802 15664 0 0 0 2248

2 2343 2686 0 349 411 2269 1 1894 2248

1 -994 4068 14430 0 0 0 2249

1 -794 3462 12506 0 0 0 2250

2 2371 2694 0 346 409 2268 1 1899 2250

1 -702 3504 13472 0 0 0 2251

1 -1154 4554 16990 0 0 0 2252

2 2369 2681 0 345 406 2262 1 1841 2252

1 -1024 3626 12470 0 0 0 2253

1 -876 3692 14716 0 0 0 2254

2 2364 2694 0 344 405 2262 1 1939 2254

1 -1050 4248 16840 0 0 0 2255

1 -1310 4122 14354 0 0 0 2256

2 2410 2684 0 342 403 2257 1 1921 2256

1 -748 3352 13252 0 0 0 2257

1 -1148 4526 17034 0 0 0 2258

2 2371 2679 0 341 402 2256 1 1856 2258

1 -1068 3752 12506 0 0 0 2259

1 -878 3106 12156 0 0 0 2260

2 2417 2702 0 338 401 2256 1 1947 2260

3 861 1383 0 1 0 0 0 2260

1 -1202 4524 14640 0 0 0 2261

1 -1192 4074 14284 0 0 0 2262

2 2338 2679 0 350 412 2276 1 1954 2262

1 -772 3372 13316 0 0 0 2263

1 -726 3512 14476 0 0 0 2264

2 2410 2702 0 352 414 2274 1 1984 2264

1 -1186 4522 15438 0 0 0 2265

1 -806 3156 12130 0 0 0 2266

2 2345 2686 0 351 413 2273 1 1867 2266

1 -1098 3940 16762 0 0 0 2267

1 -1168 4344 14822 0 0 0 2268

2 2390 2691 0 347 408 2269 1 1992 2268

1 -1016 3706 12828 0 0 0 2269

1 -638 3260 14002 0 0 0 2270

2 2374 2684 0 348 408 2270 1 1879 2270

1 -1234 4544 16064 0 0 0 2271

1 -762 3536 12164 0 0 0 2272

2 2286 2691 0 345 406 2263 1 1901 2272

1 -842 3244 12890 0 0 0 2273

1 -1040 4188 16626 0 0 0 2274

2 2452 2686 0 344 406 2261 1 1970 2274

1 -1024 3630 12834 0 0 0 2275

1 -706 3416 14390 0 0 0 2276

2 2393 2679 0 344 406 2261 1 1920 2276

1 -1048 4270 16574 0 0 0 2277

1 -1044 3926 14082 0 0 0 2278

2 2383 2699 0 341 404 2256 1 1945 2278

1 -778 3456 13434 0 0 0 2279

1 -1132 4274 16754 0 0 0 2280

2 2417 2679 0 341 402 2255 1 1847 2280

3 862 1389 0 1 0 0 0 2280

1 -848 3592 14362 0 0 0 2281

1 -668 3192 11896 0 0 0 2282

2 2350 2702 0 339 399 2255 1 1916 2282

1 -970 4232 16462 0 0 0 2283

1 -1122 3948 14208 0 0 0 2284

2 2395 2681 0 349 412 2273 1 1997 2284

1 -858 3260 13280 0 0 0 2285

1 -1130 4308 16648 0 0 0 2286

2 2376 2694 0 355 416 2280 1 1969 2286

1 -1244 4340 15608 0 0 0 2287

1 -740 3012 11924 0 0 0 2288

2 2438 2681 0 351 413 2272 1 1814 2288

1 -1102 4182 16688 0 0 0 2289

1 -1108 3988 14250 0 0 0 2290

2 2326 2694 0 349 409 2268 1 1991 2290

1 -888 3510 12494 0 0 0 2291

1 -726 3338 13426 0 0 0 2292

2 2364 2684 0 348 410 2266 1 1895 2292

1 -1146 4408 16424 0 0 0 2293

1 -848 3578 12112 0 0 0 2294

2 2362 2696 0 347 406 2264 1 1845 2294

1 -542 2996 12084 0 0 0 2295

1 -1000 3784 15844 0 0 0 2296

2 2245 2696 0 345 407 2259 1 1954 2296

1 -1046 4096 14426 0 0 0 2297

1 -876 3346 12192 0 0 0 2298

2 2343 2681 0 347 406 2258 1 1878 2298

1 -952 3840 16128 0 0 0 2299

1 -1066 4276 17046 0 0 0 2300

2 2331 2702 0 348 406 2256 1 1941 2300

3 862 1386 0 1 0 0 0 2300

1 -840 3184 12484 0 0 0 2301

1 -752 3316 13060 0 0 0 2302

2 2388 2681 0 351 408 2255 1 1985 2302

1 -988 4236 16652 0 0 0 2303

1 -1134 3808 12870 0 0 0 2304

2 2312 2696 0 372 429 2277 1 1954 2304

1 -892 3420 12174 0 0 0 2305

1 -1012 3890 15924 0 0 0 2306

2 2355 2681 0 383 438 2275 1 1820 2306

1 -1064 3946 13834 0 0 0 2307

1 -786 3448 12566 0 0 0 2308

2 2302 2691 0 405 454 2273 1 1974 2308

1 -744 3490 13808 0 0 0 2309

1 -1178 4460 16958 0 0 0 2310

2 2238 2686 0 433 481 2268 1 1898 2310

1 -1020 3636 12564 0 0 0 2311

1 -906 3452 14098 0 0 0 2312

2 2431 2686 0 459 503 2269 1 1962 2312

1 -1040 3850 15806 0 0 0 2313

1 -1208 4316 15622 0 0 0 2314

2 2260 2691 0 471 518 2263 1 1929 2314

1 -862 3568 12436 0 0 0 2315

1 -940 3762 15590 0 0 0 2316

2 2319 2684 0 474 526 2263 1 1856 2316

1 -1174 4466 15038 0 0 0 2317

1 -1038 3958 13876 0 0 0 2318

2 2452 2694 0 473 527 2258 1 1883 2318

1 -924 3464 13858 0 0 0 2319

1 -1066 4238 16616 0 0 0 2320

2 2298 2679 0 469 525 2258 1 1923 2320

3 863 1389 0 1 0 0 0 2320

1 -902 3560 14108 0 0 0 2321

1 -834 3392 14166 0 0 0 2322

2 2329 2696 0 464 522 2256 1 1995 2322

1 -986 4146 16320 0 0 0 2323

1 -998 4008 14380 0 0 0 2324

2 2357 2689 0 462 522 2255 1 1889 2324

1 -750 3448 13456 0 0 0 2325

1 -1132 4198 16660 0 0 0 2326

2 2352 2684 0 472 533 2275 1 2027 2326

1 -1218 4278 15252 0 0 0 2327

1 -574 3092 12224 0 0 0 2328

2 2369 2691 0 474 533 2274 1 1904 2328

1 -1046 4502 17000 0 0 0 2329

1 -1064 3652 13270 0 0 0 2330

2 2393 2684 0 468 530 2268 1 1968 2330

1 -892 3414 13872 0 0 0 2331

1 -764 3596 14468 0 0 0 2332

2 2393 2691 0 465 529 2268 1 1959 2332

1 -1152 4218 15168 0 0 0 2333

1 -692 3244 12000 0 0 0 2334

2 2269 2684 0 462 526 2266 1 1848 2334

1 -1022 3842 16082 0 0 0 2335

1 -1122 3982 16124 0 0 0 2336

2 2367 2696 0 456 523 2262 1 2009 2336

1 -954 3984 13714 0 0 0 2337

1 -858 3412 12340 0 0 0 2338

2 2293 2684 0 453 520 2260 1 1891 2338

1 -1068 4076 16508 0 0 0 2339

1 -962 3956 13486 0 0 0 2340

2 2333 2696 0 451 518 2258 1 1955 2340

3 863 1390 0 1 0 0 0 2340

1 -686 3444 13946 0 0 0 2341

1 -778 3684 14604 0 0 0 2342

2 2371 2694 0 444 513 2255 1 1963 2342

1 -1042 4184 15182 0 0 0 2343

1 -894 3204 12224 0 0 0 2344

2 2362 2681 0 443 513 2254 1 1962 2344

1 -712 3214 13224 0 0 0 2345

1 -948 4476 16884 0 0 0 2346

2 2410 2696 0 454 525 2275 1 1966 2346

1 -754 3370 12106 0 0 0 2347

1 -822 3818 14916 0 0 0 2348

2 2383 2681 0 454 523 2274 1 1927 2348

1 -1076 4030 16522 0 0 0 2349

1 -1156 4300 13954 0 0 0 2350

2 2340 2696 0 453 523 2273 1 1879 2350

1 -746 3342 13096 0 0 0 2351

1 -1040 4280 17124 0 0 0 2352

2 2310 2684 0 447 518 2270 1 1917 2352

1 -904 3436 12354 0 0 0 2353

1 -920 3518 12518 0 0 0 2354

2 2317 2694 0 448 518 2269 1 1937 2354

1 -1016 3916 15642 0 0 0 2355

1 -1188 4458 15026 0 0 0 2356

2 2381 2684 0 442 514 2264 1 1926 2356

1 -848 3364 12362 0 0 0 2357

1 -1024 4190 16614 0 0 0 2358

2 2343 2696 0 439 511 2262 1 1931 2358

1 -964 4348 16872 0 0 0 2359

1 -1046 3816 12882 0 0 0 2360

2 2407 2686 0 437 508 2259 1 1897 2360

3 864 1387 0 1 0 0 0 2360

1 -960 4316 16306 0 0 0 2361

1 -1260 4542 15884 0 0 0 2362

2 2407 2676 0 432 504 2256 1 1883 2362

1 -1210 4104 13764 0 0 0 2363

1 -774 3360 12854 0 0 0 2364

2 2321 2699 0 431 503 2255 1 1887 2364

1 -992 4482 17064 0 0 0 2365

1 -1074 3678 12852 0 0 0 2366

2 2445 2681 0 429 500 2255 1 1968 2366

1 -848 3980 15172 0 0 0 2367

1 -1002 4298 16592 0 0 0 2368

2 2414 2699 0 442 515 2276 1 1904 2368

1 -1172 4048 13158 0 0 0 2369

1 -746 3466 13582 0 0 0 2370

2 2338 2681 0 445 517 2275 1 1978 2370

1 -932 4390 16380 0 0 0 2371

1 -1170 4244 15650 0 0 0 2372

2 2357 2699 0 436 509 2266 1 1943 2372

1 -792 3362 12482 0 0 0 2373

1 -972 3942 16140 0 0 0 2374

2 2379 2681 0 436 510 2266 1 1919 2374

1 -1260 4270 13936 0 0 0 2375

1 -836 3440 12510 0 0 0 2376

2 2248 2696 0 437 510 2265 1 1919 2376

1 -868 3412 13906 0 0 0 2377

1 -1142 4084 16570 0 0 0 2378

2 2367 2684 0 435 507 2262 1 1936 2378

1 -972 3884 13096 0 0 0 2379

1 -716 3274 13420 0 0 0 2380

2 2390 2696 0 435 509 2263 1 1938 2380

3 864 1384 0 1 0 0 0 2380

1 -954 3892 13320 0 0 0 2381

1 -1000 4194 15786 0 0 0 2382

2 2302 2699 0 431 504 2256 1 1854 2382

1 -828 3348 12264 0 0 0 2383

1 -854 3668 14968 0 0 0 2384

2 2405 2679 0 430 504 2256 1 2008 2384

1 -988 3970 16358 0 0 0 2385

1 -932 4092 14048 0 0 0 2386

2 2324 2699 0 429 501 2255 1 1773 2386

1 -674 3278 12506 0 0 0 2387

1 -970 4084 16274 0 0 0 2388

2 2290 2679 0 442 515 2278 1 1973 2388

1 -870 4046 13824 0 0 0 2389

1 -1172 4160 13642 0 0 0 2390

2 2410 2696 0 441 513 2276 1 1953 2390

1 -682 3166 13040 0 0 0 2391

1 -1092 4226 17146 0 0 0 2392

2 2321 2684 0 439 511 2274 1 1938 2392

1 -850 3482 12324 0 0 0 2393

1 -840 3468 13868 0 0 0 2394

2 2355 2689 0 439 510 2268 1 1888 2394

1 -924 4082 16022 0 0 0 2395

1 -1292 4394 14308 0 0 0 2396

2 2281 2684 0 438 508 2266 1 1934 2396

1 -672 3320 12978 0 0 0 2397

1 -1004 4478 16884 0 0 0 2398

2 2471 2691 0 434 506 2265 1 1977 2398

1 -800 3392 12072 0 0 0 2399

1 -860 3414 12378 0 0 0 2400

2 2281 2699 0 433 505 2264 1 1919 2400

3 864 1386 0 1 0 0 0 2400

1 -938 4282 15464 0 0 0 2401

1 -1228 4390 14816 0 0 0 2402

2 2398 2679 0 428 500 2257 1 1892 2402

1 -738 3284 12996 0 0 0 2403

1 -936 3418 14150 0 0 0 2404

2 2388 2696 0 427 502 2259 1 1917 2404

1 -930 4348 16292 0 0 0 2405

1 -820 3836 12722 0 0 0 2406

2 2271 2679 0 425 499 2256 1 1944 2406

1 -836 3812 15058 0 0 0 2407

1 -958 3864 16100 0 0 0 2408

2 2326 2696 0 425 498 2255 1 1885 2408

1 -1260 4220 13806 0 0 0 2409

1 -806 3382 12660 0 0 0 2410

2 2290 2686 0 440 511 2276 1 1997 2410

1 -1048 4216 17088 0 0 0 2411

1 -1168 4188 14118 0 0 0 2412

2 2295 2686 0 435 507 2270 1 1944 2412

1 -872 3840 13244 0 0 0 2413

1 -710 3200 13106 0 0 0 2414

2 2293 2691 0 437 508 2273 1 1938 2414

1 -1180 4438 16892 0 0 0 2415

1 -986 3604 12834 0 0 0 2416

2 2333 2684 0 436 508 2268 1 1954 2416

1 -788 3534 12160 0 0 0 2417

1 -754 3514 14652 0 0 0 2418

2 2336 2696 0 432 504 2266 1 1944 2418

1 -1186 4286 15298 0 0 0 2419

1 -718 3520 12074 0 0 0 2420

2 2224 2681 0 433 504 2261 1 1865 2420

3 865 1388 0 1 0 0 0 2420

1 -1178 4164 15990 0 0 0 2421

1 -1046 3866 16150 0 0 0 2422

2 2336 2699 0 430 502 2261 1 1963 2422

1 -1028 3858 13834 0 0 0 2423

1 -716 3304 12310 0 0 0 2424

2 2345 2684 0 433 504 2260 1 1943 2424

1 -1006 4204 16550 0 0 0 2425

1 -1020 4404 16922 0 0 0 2426

2 2417 2694 0 428 500 2256 1 1860 2426

1 -758 3266 12110 0 0 0 2427

1 -844 3926 15126 0 0 0 2428

2 2426 2696 0 427 499 2256 1 1968 2428

1 -1034 4036 14314 0 0 0 2429

1 -902 3352 12284 0 0 0 2430

2 2355 2679 0 424 497 2255 1 1880 2430

1 -722 3388 13390 0 0 0 2431

1 -990 4388 16996 0 0 0 2432

2 2376 2699 0 437 509 2274 1 2012 2432

1 -810 3192 11998 0 0 0 2433

1 -914 3684 15034 0 0 0 2434

2 2333 2681 0 437 510 2270 1 1932 2434

1 -1020 4238 16596 0 0 0 2435

1 -1200 3990 13228 0 0 0 2436

2 2414 2702 0 435 509 2270 1 1876 2436

1 -628 3442 13982 0 0 0 2437

1 -1006 4450 16432 0 0 0 2438

2 2338 2684 0 431 505 2267 1 1966 2438

1 -700 3130 12100 0 0 0 2439

1 -772 3290 12736 0 0 0 2440

2 2402 2699 0 433 506 2266 1 1937 2440

3 865 1389 0 1 0 0 0 2440

1 -928 3578 12620 0 0 0 2441

1 -1116 3508 12570 0 0 0 2442

2 2436 2684 0 430 501 2261 1 1928 2442

1 -818 3916 15514 0 0 0 2443

1 -1024 4388 17006 0 0 0 2444

2 2360 2699 0 430 503 2263 1 1862 2444

1 -898 3476 12426 0 0 0 2445

1 -810 3438 13946 0 0 0 2446

2 2398 2681 0 426 499 2260 1 1942 2446

1 -1144 4156 15878 0 0 0 2447

1 -844 3578 12208 0 0 0 2448

2 2367 2686 0 423 496 2255 1 1860 2448

1 -850 3266 12610 0 0 0 2449

1 -1066 4368 17064 0 0 0 2450

2 2352 2691 0 421 495 2255 1 1873 2450

1 -950 3618 12772 0 0 0 2451

1 -704 3502 13380 0 0 0 2452

2 2405 2686 0 437 507 2279 1 1914 2452

1 -906 3886 15458 0 0 0 2453

1 -1230 4508 15658 0 0 0 2454

2 2312 2691 0 431 506 2272 1 1982 2454

1 -824 3256 12162 0 0 0 2455

1 -1128 3978 16322 0 0 0 2456

2 2293 2689 0 435 507 2271 1 1926 2456

1 -1024 3862 13440 0 0 0 2457

1 -952 3980 13272 0 0 0 2458

2 2286 2699 0 430 503 2266 1 1878 2458

1 -818 3648 14040 0 0 0 2459

1 -1190 4624 16834 0 0 0 2460

2 2400 2681 0 428 502 2264 1 1991 2460

3 866 1386 0 1 0 0 0 2460

1 -818 3674 14386 0 0 0 2461

1 -888 3930 15406 0 0 0 2462

2 2338 2699 0 428 501 2262 1 1927 2462

1 -1034 4146 16912 0 0 0 2463

1 -1254 4032 14188 0 0 0 2464

2 2383 2681 0 428 501 2260 1 1978 2464

1 -808 3366 13260 0 0 0 2465

1 -1136 4390 17048 0 0 0 2466

2 2374 2696 0 426 498 2258 1 1913 2466

1 -1114 4664 16706 0 0 0 2467

1 -914 3502 12384 0 0 0 2468

2 2271 2696 0 423 497 2258 1 1888 2468

1 -1034 3702 14962 0 0 0 2469

1 -1024 4352 16462 0 0 0 2470

2 2388 2681 0 422 495 2249 1 1910 2470

1 -1022 3518 12254 0 0 0 2471

1 -764 3074 12176 0 0 0 2472

2 2302 2699 0 421 494 2247 1 1883 2472

1 -1012 4318 16956 0 0 0 2473

1 -1104 3760 13740 0 0 0 2474

2 2352 2684 0 436 507 2266 1 1912 2474

1 -868 3318 13492 0 0 0 2475

1 -654 3512 14146 0 0 0 2476

2 2367 2704 0 434 507 2265 1 1953 2476

1 -1178 4336 15708 0 0 0 2477

1 -822 3240 11814 0 0 0 2478

2 2364 2684 0 432 503 2259 1 1839 2478

1 -896 4130 16366 0 0 0 2479

1 -1118 4034 14380 0 0 0 2480

2 2336 2696 0 427 501 2255 1 1979 2480

3 866 1388 0 1 0 0 0 2480

1 -988 3928 16628 0 0 0 2481

1 -702 3284 12718 0 0 0 2482

2 2238 2686 0 428 501 2254 1 1928 2482

1 -1120 4282 16714 0 0 0 2483

1 -872 3512 12382 0 0 0 2484

2 2412 2696 0 428 499 2252 1 1798 2484

1 -744 3140 11912 0 0 0 2485

1 -872 3854 15568 0 0 0 2486

2 2233 2681 0 425 498 2248 1 1977 2486

1 -1092 4074 14588 0 0 0 2487

1 -798 3430 12050 0 0 0 2488

2 2286 2679 0 424 496 2246 1 1778 2488

1 -810 3346 12634 0 0 0 2489

1 -976 4300 16960 0 0 0 2490

2 2390 2702 0 423 496 2245 1 1886 2490

1 -900 3948 13252 0 0 0 2491

1 -880 3428 12766 0 0 0 2492

2 2262 2681 0 419 493 2245 1 1924 2492

1 -1034 3988 16590 0 0 0 2493

1 -1070 4520 17008 0 0 0 2494

2 2257 2699 0 432 505 2263 1 1930 2494

1 -1046 3682 12622 0 0 0 2495

1 -940 3470 14316 0 0 0 2496

2 2321 2684 0 436 509 2265 1 1919 2496

1 -1008 4316 15972 0 0 0 2497

1 -968 3536 12524 0 0 0 2498

2 2310 2694 0 433 506 2259 1 1967 2498

1 -788 3376 12656 0 0 0 2499

1 -1068 4448 17064 0 0 0 2500

2 2345 2686 0 430 504 2257 1 1899 2500

3 866 1388 0 1 0 0 0 2500

1 -766 3514 12988 0 0 0 2501

1 -812 3386 13656 0 0 0 2502

2 2329 2694 0 430 502 2254 1 1899 2502

1 -966 3756 15158 0 0 0 2503

1 -1102 4308 16390 0 0 0 2504

2 2317 2686 0 427 500 2250 1 1991 2504

1 -900 3500 12412 0 0 0 2505

1 -808 3600 15190 0 0 0 2506

2 2248 2684 0 423 498 2250 1 1909 2506

1 -1058 4162 16584 0 0 0 2507

1 -1084 4088 14478 0 0 0 2508

2 2310 2694 0 423 496 2247 1 1915 2508

1 -868 3244 12640 0 0 0 2509

1 -898 3774 15812 0 0 0 2510

2 2312 2684 0 421 494 2247 1 1954 2510

1 -1186 4164 14614 0 0 0 2511

1 -998 3858 13282 0 0 0 2512

2 2362 2699 0 421 496 2249 1 1930 2512

1 -566 3282 13266 0 0 0 2513

1 -1140 4032 16748 0 0 0 2514

2 2376 2694 0 420 491 2255 1 1924 2514

1 -932 3736 12890 0 0 0 2515

1 -864 3316 12956 0 0 0 2516

2 2360 2679 0 432 505 2274 1 1936 2516

1 -750 3596 14868 0 0 0 2517

1 -938 4278 16034 0 0 0 2518

2 2288 2699 0 430 503 2272 1 1887 2518

1 -814 3166 11906 0 0 0 2519

1 -984 3670 15194 0 0 0 2520

2 2288 2679 0 432 503 2270 1 1916 2520

3 867 1388 0 1 0 0 0 2520

1 -676 3042 12000 0 0 0 2521

1 -1254 4164 13594 0 0 0 2522

2 2402 2699 0 429 500 2266 1 1914 2522

1 -710 3362 13514 0 0 0 2523

1 -986 4376 16802 0 0 0 2524

2 2321 2684 0 427 501 2266 1 1918 2524

1 -804 3254 12074 0 0 0 2525

1 -804 3254 12394 0 0 0 2526

2 2355 2696 0 424 497 2262 1 1966 2526

1 -1012 4016 16172 0 0 0 2527

1 -1190 4358 14562 0 0 0 2528

2 2390 2684 0 424 496 2258 1 1956 2528

1 -820 3342 12556 0 0 0 2529

1 -1090 4294 16888 0 0 0 2530

2 2267 2696 0 424 497 2258 1 1909 2530

1 -952 4478 16644 0 0 0 2531

1 -954 3810 13016 0 0 0 2532

2 2333 2684 0 421 495 2256 1 1829 2532

1 -844 3466 14434 0 0 0 2533

1 -1160 4518 16656 0 0 0 2534

2 2352 2679 0 418 491 2256 1 1885 2534

1 -1226 4420 15238 0 0 0 2535

1 -850 3414 12172 0 0 0 2536

2 2238 2699 0 430 504 2277 1 1907 2536

1 -1036 4130 16328 0 0 0 2537

1 -1146 4306 14892 0 0 0 2538

2 2371 2679 0 429 504 2273 1 1935 2538

1 -858 3560 12504 0 0 0 2539

1 -588 3280 12606 0 0 0 2540

2 2319 2699 0 432 504 2273 1 1945 2540

3 867 1389 0 1 0 0 0 2540

1 -990 4108 14278 0 0 0 2541

1 -992 3670 13406 0 0 0 2542

2 2290 2679 0 428 500 2268 1 1993 2542

1 -926 3238 13260 0 0 0 2543

1 -918 3244 13016 0 0 0 2544

2 2314 2694 0 422 496 2264 1 1979 2544

1 -1230 4022 16646 0 0 0 2545

1 -898 3964 13182 0 0 0 2546

2 2217 2686 0 424 497 2264 1 1931 2546

1 -722 3196 12904 0 0 0 2547

1 -936 4210 16702 0 0 0 2548

2 2302 2689 0 422 498 2259 1 1980 2548

1 -984 4554 16278 0 0 0 2549

1 -1032 3754 12436 0 0 0 2550

2 2300 2691 0 421 496 2258 1 1884 2550

1 -712 3534 14858 0 0 0 2551

1 -944 4288 15804 0 0 0 2552

2 2445 2686 0 421 492 2258 1 1949 2552

1 -968 3828 13640 0 0 0 2553

1 -892 3156 12656 0 0 0 2554

2 2355 2699 0 415 489 2256 1 1925 2554

1 -1092 4116 16670 0 0 0 2555

1 -1082 3814 12838 0 0 0 2556

2 2331 2681 0 416 490 2256 1 1900 2556

1 -718 3546 14554 0 0 0 2557

1 -1046 3936 16090 0 0 0 2558

2 2326 2696 0 430 504 2276 1 1881 2558

1 -1024 4156 13928 0 0 0 2559

1 -888 3466 12394 0 0 0 2560

2 2307 2681 0 432 504 2276 1 1874 2560

3 868 1384 0 1 0 0 0 2560

1 -886 4158 14112 0 0 0 2561

1 -1094 4430 17044 0 0 0 2562

2 2398 2699 0 424 497 2266 1 1948 2562

1 -1036 3394 12450 0 0 0 2563

1 -1032 3426 14778 0 0 0 2564

2 2255 2689 0 426 499 2269 1 1954 2564

1 -1006 4234 15904 0 0 0 2565

1 -780 3578 12496 0 0 0 2566

2 2295 2679 0 429 500 2269 1 1983 2566

1 -684 3382 12642 0 0 0 2567

1 -1088 4294 16768 0 0 0 2568

2 2321 2694 0 422 498 2261 1 1849 2568

1 -1226 3952 13198 0 0 0 2569

1 -844 3536 13766 0 0 0 2570

2 2443 2681 0 423 497 2262 1 1912 2570

1 -976 4046 16268 0 0 0 2571

1 -1188 4146 15018 0 0 0 2572

2 2357 2696 0 421 494 2257 1 1866 2572

1 -824 3388 12856 0 0 0 2573

1 -1118 4370 16958 0 0 0 2574

2 2307 2684 0 419 494 2258 1 1873 2574

1 -1216 3816 12830 0 0 0 2575

1 -878 3290 12182 0 0 0 2576

2 2433 2696 0 418 491 2256 1 1854 2576

1 -980 3978 16174 0 0 0 2577

1 -1214 4180 15292 0 0 0 2578

2 2281 2681 0 430 504 2276 1 2011 2578

1 -860 3294 12652 0 0 0 2579

1 -1040 4264 16646 0 0 0 2580

2 2336 2696 0 431 505 2277 1 1901 2580

3 868 1384 0 1 0 0 0 2580

1 -794 3456 12680 0 0 0 2581

1 -800 3870 12890 0 0 0 2582

2 2295 2694 0 426 502 2271 1 1897 2582

1 -934 3460 13978 0 0 0 2583

1 -1168 4048 16584 0 0 0 2584

2 2250 2676 0 423 498 2269 1 2004 2584

1 -1082 4210 16336 0 0 0 2585

1 -904 3316 12164 0 0 0 2586

2 2326 2702 0 425 498 2268 1 1890 2586

1 -774 3426 14480 0 0 0 2587

1 -1010 4276 16356 0 0 0 2588

2 2321 2676 0 421 497 2262 1 2003 2588

1 -858 3586 12196 0 0 0 2589

1 -946 3522 12148 0 0 0 2590

2 2340 2702 0 420 495 2261 1 1876 2590

1 -958 4052 16284 0 0 0 2591

1 -944 3994 14128 0 0 0 2592

2 2321 2684 0 418 493 2259 1 1941 2592

1 -412 3138 13278 0 0 0 2593

1 -902 3628 14458 0 0 0 2594

2 2333 2691 0 413 489 2254 1 1980 2594

1 -1114 4210 15036 0 0 0 2595

1 -982 3248 12120 0 0 0 2596

2 2379 2686 0 412 488 2250 1 1897 2596

1 -858 4280 16400 0 0 0 2597

1 -1126 3706 13150 0 0 0 2598

2 2376 2696 0 411 486 2248 1 1927 2598

1 -992 3308 12008 0 0 0 2599

1 -824 3846 14922 0 0 0 2600

2 2360 2694 0 426 500 2271 1 1979 2600

3 868 1385 0 1 0 0 0 2600

1 -740 2908 11866 0 0 0 2601

1 -956 3090 12326 0 0 0 2602

2 2412 2681 0 421 497 2263 1 1889 2602

1 -762 3402 14192 0 0 0 2603

1 -918 4504 16678 0 0 0 2604

2 2307 2702 0 419 496 2253 1 1910 2604

1 -834 3470 12046 0 0 0 2605

1 -844 3690 14446 0 0 0 2606

2 2333 2679 0 418 492 2254 1 2000 2606

1 -856 3940 15906 0 0 0 2607

1 -1200 4432 15020 0 0 0 2608

2 2300 2699 0 417 493 2257 1 1833 2608

1 -932 3386 12176 0 0 0 2609

1 -1104 4008 16496 0 0 0 2610

2 2290 2686 0 412 490 2255 1 2007 2610

1 -942 4170 14242 0 0 0 2611

1 -1186 4038 13812 0 0 0 2612

2 2348 2694 0 410 487 2251 1 1935 2612

1 -758 3500 13334 0 0 0 2613

1 -1202 4496 17256 0 0 0 2614

2 2371 2684 0 410 488 2247 1 1924 2614

1 -1102 3902 12822 0 0 0 2615

1 -954 3452 13740 0 0 0 2616

2 2252 2691 0 406 483 2245 1 1847 2616

1 -980 3796 15658 0 0 0 2617

1 -1188 4330 15916 0 0 0 2618

2 2295 2684 0 407 484 2244 1 1938 2618

1 -762 3474 12386 0 0 0 2619

1 -944 3880 15866 0 0 0 2620

2 2400 2679 0 421 496 2264 1 1923 2620

3 869 1385 0 1 0 0 0 2620

1 -774 3388 12438 0 0 0 2621

1 -966 3734 13030 0 0 0 2622

2 2243 2696 0 417 494 2259 1 1958 2622

1 -800 3644 14308 0 0 0 2623

1 -1196 4092 16708 0 0 0 2624

2 2350 2684 0 417 493 2257 1 1935 2624

1 -1036 3538 12688 0 0 0 2625

1 -652 3184 11874 0 0 0 2626

2 2326 2699 0 421 494 2258 1 1972 2626

1 -966 4100 16224 0 0 0 2627

1 -1132 4062 14846 0 0 0 2628

2 2283 2679 0 415 492 2261 1 1985 2628

1 -784 3232 12764 0 0 0 2629

1 -876 4000 16186 0 0 0 2630

2 2362 2689 0 415 491 2267 1 1903 2630

1 -1016 4226 16616 0 0 0 2631

1 -998 3540 12644 0 0 0 2632

2 2298 2689 0 412 487 2265 1 1953 2632

1 -718 3418 13956 0 0 0 2633

1 -1018 4308 16616 0 0 0 2634

2 2336 2686 0 410 487 2267 1 1923 2634

1 -1058 4160 15096 0 0 0 2635

1 -972 3492 12164 0 0 0 2636

2 2224 2691 0 409 486 2266 1 1963 2636

1 -822 3802 15578 0 0 0 2637

1 -998 4280 15330 0 0 0 2638

2 2302 2684 0 408 484 2263 1 1882 2638

1 -944 3878 13436 0 0 0 2639

1 -800 3430 12804 0 0 0 2640

2 2288 2694 0 403 481 2261 1 1953 2640

3 870 1386 0 1 0 0 0 2640

1 -984 3854 13890 0 0 0 2641

1 -1202 4086 13496 0 0 0 2642

2 2286 2684 0 417 494 2269 1 1888 2642

1 -700 3292 13348 0 0 0 2643

1 -1058 4478 16878 0 0 0 2644

2 2395 2699 0 420 497 2266 1 1935 2644

1 -1024 4338 14886 0 0 0 2645

1 -788 3222 12402 0 0 0 2646

2 2343 2681 0 420 495 2265 1 1951 2646

1 -950 4260 16746 0 0 0 2647

1 -1184 3954 13360 0 0 0 2648

2 2390 2684 0 415 491 2263 1 1883 2648

1 -1010 3488 12166 0 0 0 2649

1 -950 3858 15512 0 0 0 2650

2 2321 2691 0 413 489 2273 1 2007 2650

1 -974 4134 14822 0 0 0 2651

1 -906 3322 12478 0 0 0 2652

2 2317 2681 0 412 485 2272 1 1882 2652

1 -806 3300 13144 0 0 0 2653

1 -1080 4342 16948 0 0 0 2654

2 2224 2696 0 410 488 2272 1 1886 2654

1 -1130 3976 13282 0 0 0 2655

1 -926 3306 13044 0 0 0 2656

2 2343 2676 0 411 486 2267 1 1898 2656

1 -1064 4400 17098 0 0 0 2657

1 -1174 4296 16772 0 0 0 2658

2 2267 2694 0 409 485 2246 1 1887 2658

1 -1058 3798 12774 0 0 0 2659

1 -684 3622 14472 0 0 0 2660

2 2333 2686 0 408 483 2244 1 1984 2660

3 870 1389 0 1 0 0 0 2660

1 -866 3610 12596 0 0 0 2661

1 -824 3242 12222 0 0 0 2662

2 2345 2696 0 417 492 2266 1 1932 2662

1 -910 3316 12454 0 0 0 2663

1 -954 3690 15770 0 0 0 2664

2 2298 2686 0 419 495 2266 1 1920 2664

1 -1168 4204 14510 0 0 0 2665

1 -610 3178 12124 0 0 0 2666

2 2317 2691 0 418 495 2268 1 1844 2666

1 -726 3272 12980 0 0 0 2667

1 -1016 4282 16720 0 0 0 2668

2 2388 2699 0 412 491 2259 1 2016 2668

1 -840 3604 12750 0 0 0 2669

1 -682 3284 13324 0 0 0 2670

2 2393 2679 0 417 491 2258 1 1922 2670

1 -1198 4190 16068 0 0 0 2671

1 -1058 4160 14612 0 0 0 2672

2 2374 2699 0 417 491 2252 1 1937 2672

1 -498 3238 13014 0 0 0 2673

1 -1054 4268 16740 0 0 0 2674

2 2324 2679 0 420 494 2252 1 1869 2674

1 -874 3504 12364 0 0 0 2675

1 -650 3504 13948 0 0 0 2676

2 2360 2702 0 425 496 2249 1 1898 2676

1 -964 4086 16218 0 0 0 2677

1 -1040 4034 14150 0 0 0 2678

2 2295 2689 0 436 502 2245 1 1899 2678

1 -560 3146 12722 0 0 0 2679

1 -1080 4202 16658 0 0 0 2680

2 2329 2691 0 453 515 2244 1 1879 2680

3 871 1389 0 1 0 0 0 2680

1 -602 3146 13030 0 0 0 2681

1 -1038 3646 12290 0 0 0 2682

2 2374 2689 0 472 529 2244 1 1996 2682

1 -744 3764 15216 0 0 0 2683

1 -1094 4292 15528 0 0 0 2684

2 2300 2689 0 511 567 2261 1 1887 2684

1 -606 3162 12004 0 0 0 2685

1 -726 3462 12624 0 0 0 2686

2 2340 2696 0 544 596 2263 1 1922 2686

1 -1140 4380 16860 0 0 0 2687

1 -1216 3516 12726 0 0 0 2688

2 2421 2681 0 556 609 2255 1 1931 2688

1 -734 3632 14664 0 0 0 2689

1 -1050 4372 16298 0 0 0 2690

2 2288 2702 0 563 618 2254 1 1938 2690

1 -1062 3906 13932 0 0 0 2691

1 -664 3274 12500 0 0 0 2692

2 2369 2684 0 575 627 2251 1 1898 2692

1 -1092 4142 16780 0 0 0 2693

1 -1186 4146 13540 0 0 0 2694

2 2310 2702 0 591 641 2246 1 1882 2694

1 -950 3616 12458 0 0 0 2695

1 -834 3630 14292 0 0 0 2696

2 2243 2689 0 603 652 2245 1 1877 2696

1 -1026 4462 16538 0 0 0 2697

1 -1096 3538 12736 0 0 0 2698

2 2374 2691 0 601 654 2241 1 1907 2698

1 -844 3672 14766 0 0 0 2699

1 -1012 4086 16032 0 0 0 2700

2 2388 2686 0 592 651 2240 1 1897 2700

3 871 1389 0 1 0 0 0 2700

1 -774 3484 12520 0 0 0 2701

1 -888 3218 12608 0 0 0 2702

2 2269 2691 0 546 628 2239 1 1851 2702

1 -1324 4328 17038 0 0 0 2703

1 -1314 4228 16782 0 0 0 2704

2 2243 2689 0 483 589 2261 1 2012 2704

1 -838 3530 12704 0 0 0 2705

1 -700 3562 14654 0 0 0 2706

2 2352 2681 0 429 550 2260 1 1911 2706

1 -1148 4554 15724 0 0 0 2707

1 -902 3526 12288 0 0 0 2708

2 2205 2696 0 336 434 2257 1 2022 2708

1 -884 3190 12364 0 0 0 2709

1 -1022 3838 16088 0 0 0 2710

2 2374 2684 0 280 353 2253 1 1983 2710

1 -1156 4152 14276 0 0 0 2711

1 -556 2996 11968 0 0 0 2712

2 2321 2699 0 270 342 2253 1 1933 2712

1 -698 3252 13162 0 0 0 2713

1 -1040 4338 16868 0 0 0 2714

2 2283 2696 0 291 357 2248 1 1958 2714

1 -712 3706 12578 0 0 0 2715

1 -592 3256 13158 0 0 0 2716

2 2417 2684 0 390 446 2245 1 1931 2716

1 -986 3658 15460 0 0 0 2717

1 -1138 4426 15430 0 0 0 2718

2 2267 2694 0 526 595 2243 1 1925 2718

1 -456 3268 11958 0 0 0 2719

1 -868 3902 15604 0 0 0 2720

2 2293 2681 0 636 698 2242 1 1983 2720

3 871 1389 0 1 0 0 0 2720

1 -582 3462 12048 0 0 0 2721

1 -866 3466 12150 0 0 0 2722

2 2190 2702 0 706 769 2239 1 1921 2722

1 -700 3322 12930 0 0 0 2723

1 -1040 4278 17008 0 0 0 2724

2 2329 2684 0 756 820 2238 1 1903 2724

1 -824 3284 12050 0 0 0 2725

1 -792 3566 14150 0 0 0 2726

2 2321 2696 0 770 844 2260 1 1986 2726

1 -1010 4184 16262 0 0 0 2727

1 -1284 4284 14360 0 0 0 2728

2 2264 2686 0 726 827 2255 1 1909 2728

1 -338 3434 13172 0 0 0 2729

1 -1004 4332 17034 0 0 0 2730

2 2412 2694 0 697 812 2257 1 1984 2730

1 -922 3122 11768 0 0 0 2731

1 -798 3512 12306 0 0 0 2732

2 2319 2686 0 666 796 2252 1 1972 2732

1 -932 4340 16556 0 0 0 2733

1 -1118 3652 12846 0 0 0 2734

2 2402 2681 0 648 783 2247 1 1972 2734

1 -774 4002 14930 0 0 0 2735

1 -1338 3968 14848 0 0 0 2736

2 2386 2689 0 623 769 2246 1 1916 2736

1 -920 3392 12382 0 0 0 2737

1 -506 3772 14270 0 0 0 2738

2 2371 2686 0 611 760 2245 1 1949 2738

1 -1192 3968 14880 0 0 0 2739

1 -846 3214 12230 0 0 0 2740

2 2326 2689 0 596 749 2240 1 1936 2740

3 872 1389 0 1 0 0 0 2740

1 -1040 4262 16766 0 0 0 2741

1 -944 4442 16900 0 0 0 2742

2 2295 2684 0 586 741 2239 1 1923 2742

1 -672 3260 11946 0 0 0 2743

1 -790 3768 14636 0 0 0 2744

2 2281 2696 0 577 733 2238 1 1933 2744

1 -1058 3960 16078 0 0 0 2745

1 -1288 4456 15064 0 0 0 2746

2 2233 2684 0 569 727 2238 1 1874 2746

1 -838 3398 12086 0 0 0 2747

1 -934 4154 16448 0 0 0 2748

2 2414 2696 0 578 736 2257 1 1944 2748

1 -1072 3934 13540 0 0 0 2749

1 -1214 3932 13474 0 0 0 2750

2 2264 2684 0 574 731 2254 1 1964 2750

1 -736 3532 13608 0 0 0 2751

1 -1086 4412 17112 0 0 0 2752

2 2317 2679 0 569 726 2254 1 1977 2752

1 -1030 3704 12500 0 0 0 2753

1 -836 3612 14382 0 0 0 2754

2 2305 2699 0 564 722 2251 1 1966 2754

1 -952 3844 15816 0 0 0 2755

1 -1244 4178 16204 0 0 0 2756

2 2233 2679 0 560 716 2247 1 1973 2756

1 -942 3436 12530 0 0 0 2757

1 -738 3578 14806 0 0 0 2758

2 2348 2704 0 555 713 2246 1 1909 2758

1 -1058 4102 16586 0 0 0 2759

1 -1190 3974 14518 0 0 0 2760

2 2310 2681 0 551 708 2242 1 1865 2760

3 872 1385 0 1 0 0 0 2760

1 -998 4132 16060 0 0 0 2761

1 -922 3968 16076 0 0 0 2762

2 2283 2696 0 546 702 2238 1 1964 2762

1 -1122 4094 16972 0 0 0 2763

1 -976 3632 12672 0 0 0 2764

2 2355 2689 0 543 700 2238 1 1916 2764

1 -650 3504 14414 0 0 0 2765

1 -1074 4246 16432 0 0 0 2766

2 2288 2686 0 543 698 2238 1 1938 2766

1 -850 3278 12040 0 0 0 2767

1 -756 3604 14822 0 0 0 2768

2 2305 2689 0 554 709 2257 1 1881 2768

1 -964 3942 16322 0 0 0 2769

1 -994 4060 14212 0 0 0 2770

2 2219 2694 0 551 706 2253 1 1971 2770

1 -494 3282 12966 0 0 0 2771

1 -986 4172 16730 0 0 0 2772

2 2310 2699 0 549 705 2252 1 1923 2772

1 -1102 4060 15420 0 0 0 2773

1 -864 3676 12194 0 0 0 2774

2 2314 2679 0 551 705 2250 1 1914 2774

1 -754 3938 15624 0 0 0 2775

1 -1188 4050 14520 0 0 0 2776

2 2340 2699 0 548 702 2248 1 1851 2776

1 -520 3220 12744 0 0 0 2777

1 -652 3714 13836 0 0 0 2778

2 2414 2679 0 548 702 2247 1 1922 2778

1 -1348 4108 15370 0 0 0 2779

1 -688 3118 12278 0 0 0 2780

2 2357 2699 0 544 699 2241 1 1902 2780

3 873 1388 0 1 0 0 0 2780

1 -1264 3716 13492 0 0 0 2781

1 -1122 4422 16656 0 0 0 2782

2 2307 2684 0 546 698 2242 1 1889 2782

1 -988 3214 11950 0 0 0 2783

1 -686 3962 15080 0 0 0 2784

2 2331 2696 0 544 696 2240 1 1972 2784

1 -1040 3932 14370 0 0 0 2785

1 -794 3396 12090 0 0 0 2786

2 2338 2681 0 543 695 2238 1 1879 2786

1 -796 3446 13196 0 0 0 2787

1 -964 4538 17010 0 0 0 2788

2 2369 2696 0 545 695 2238 1 1900 2788

1 -616 3370 12154 0 0 0 2789

1 -802 3718 14662 0 0 0 2790

2 2298 2702 0 561 708 2257 1 1937 2790

1 -1064 3940 16314 0 0 0 2791

1 -1244 4340 14498 0 0 0 2792

2 2383 2676 0 561 706 2253 1 1999 2792

1 -532 3368 12912 0 0 0 2793

1 -1032 4194 17208 0 0 0 2794

2 2207 2699 0 561 707 2253 1 1925 2794

1 -1042 3508 12456 0 0 0 2795

1 -1024 3794 12778 0 0 0 2796

2 2324 2681 0 562 707 2250 1 1936 2796

1 -738 3792 14472 0 0 0 2797

1 -1208 4492 16526 0 0 0 2798

2 2333 2699 0 560 705 2248 1 1940 2798

1 -962 3476 12158 0 0 0 2799

1 -998 3924 15474 0 0 0 2800

2 2257 2689 0 559 703 2246 1 1999 2800

3 873 1388 0 1 0 0 0 2800

1 -1256 4376 15052 0 0 0 2801

1 -1186 4178 14746 0 0 0 2802

2 2362 2691 0 558 702 2242 1 1973 2802

1 -746 3400 12804 0 0 0 2803

1 -1136 4388 17078 0 0 0 2804

2 2295 2684 0 557 700 2239 1 1868 2804

1 -1312 4428 16332 0 0 0 2805

1 -808 3476 12312 0 0 0 2806

2 2290 2694 0 555 699 2237 1 1971 2806

1 -856 3864 15430 0 0 0 2807

1 -1214 3982 16344 0 0 0 2808

2 2210 2686 0 555 698 2236 1 1898 2808

1 -1014 3648 12732 0 0 0 2809

1 -752 3310 11834 0 0 0 2810

2 2248 2681 0 569 712 2257 1 1973 2810

1 -868 3686 15494 0 0 0 2811

1 -1048 4190 15746 0 0 0 2812

2 2305 2699 0 560 710 2254 1 1953 2812

1 -904 3486 12220 0 0 0 2813

1 -944 3478 12078 0 0 0 2814

2 2221 2681 0 559 709 2254 1 1946 2814

1 -720 3740 15782 0 0 0 2815

1 -1022 4212 14946 0 0 0 2816

2 2369 2696 0 548 705 2249 1 1870 2816

1 -662 3276 12316 0 0 0 2817

1 -938 4042 16106 0 0 0 2818

2 2271 2679 0 547 702 2248 1 1917 2818

1 -1010 4072 16816 0 0 0 2819

1 -1172 4020 13400 0 0 0 2820

2 2357 2676 0 547 700 2242 1 1888 2820

3 873 1388 0 1 0 0 0 2820

1 -920 4266 16794 0 0 0 2821

1 -998 4362 16854 0 0 0 2822

2 2333 2699 0 541 695 2238 1 1881 2822

1 -1092 4142 14962 0 0 0 2823

1 -938 3550 12430 0 0 0 2824

2 2276 2679 0 543 695 2237 1 1967 2824

1 -892 4054 16258 0 0 0 2825

1 -1220 4318 14758 0 0 0 2826

2 2236 2702 0 541 695 2234 1 1796 2826

1 -704 3182 12332 0 0 0 2827

1 -836 3526 13760 0 0 0 2828

2 2255 2679 0 538 693 2233 1 1950 2828

1 -988 4432 16682 0 0 0 2829

1 -1104 3830 13094 0 0 0 2830

2 2224 2696 0 534 689 2234 1 1955 2830

1 -850 3496 13756 0 0 0 2831

1 -1072 4446 17184 0 0 0 2832

2 2200 2684 0 543 699 2255 1 1962 2832

1 -1116 4630 16484 0 0 0 2833

1 -1014 3146 12210 0 0 0 2834

2 2414 2696 0 543 699 2253 1 1882 2834

1 -980 4094 16292 0 0 0 2835

1 -1282 4132 15302 0 0 0 2836

2 2324 2684 0 537 693 2248 1 2013 2836

1 -824 3368 12526 0 0 0 2837

1 -660 3238 12812 0 0 0 2838

2 2274 2681 0 533 691 2247 1 1878 2838

1 -1118 4570 16952 0 0 0 2839

1 -1028 3586 12602 0 0 0 2840

2 2314 2704 0 522 681 2243 1 1952 2840

3 874 1391 0 1 0 0 0 2840

1 -1176 4560 17004 0 0 0 2841

1 -630 3734 15066 0 0 0 2842

2 2293 2684 0 511 671 2242 1 1948 2842

1 -1204 4228 15318 0 0 0 2843

1 -774 3118 11774 0 0 0 2844

2 2310 2704 0 505 664 2238 1 1838 2844

1 -854 3814 15920 0 0 0 2845

1 -1100 4126 15266 0 0 0 2846

2 2319 2686 0 500 659 2234 1 1991 2846

1 -1082 3838 13330 0 0 0 2847

1 -864 3302 12386 0 0 0 2848

2 2312 2704 0 494 653 2234 1 1931 2848

1 -1034 4146 16820 0 0 0 2849

1 -972 3794 12982 0 0 0 2850

2 2271 2689 0 490 648 2233 1 1925 2850

1 -814 3184 11886 0 0 0 2851

1 -784 3636 14650 0 0 0 2852

2 2245 2702 0 499 656 2252 1 1955 2852

1 -1216 4074 15050 0 0 0 2853

1 -800 3190 12130 0 0 0 2854

2 2433 2691 0 501 653 2252 1 1929 2854

1 -624 3378 13504 0 0 0 2855

1 -1026 4478 16644 0 0 0 2856

2 2364 2702 0 495 650 2249 1 1939 2856

1 -672 3172 12048 0 0 0 2857

1 -822 4246 16084 0 0 0 2858

2 2421 2707 0 493 647 2248 1 2041 2858

1 -1132 3414 12758 0 0 0 2859

1 -480 3644 13884 0 0 0 2860

2 2445 2686 0 491 644 2242 1 1887 2860

3 874 1388 0 1 0 0 0 2860

1 -1236 3714 13908 0 0 0 2861

1 -1158 3656 13264 0 0 0 2862

2 2319 2712 0 492 645 2243 1 1876 2862

1 -564 3538 14210 0 0 0 2863

1 -990 4136 16602 0 0 0 2864

2 2314 2686 0 491 643 2241 1 1962 2864

1 -996 4034 15730 0 0 0 2865

1 -938 3992 12852 0 0 0 2866

2 2152 2712 0 488 641 2237 1 1894 2866

1 -890 3464 12634 0 0 0 2867

1 -1030 3550 16144 0 0 0 2868

2 2069 2704 0 483 636 2234 1 1894 2868

1 -914 4094 16324 0 0 0 2869

1 -928 3522 16250 0 0 0 2870

2 2105 2696 0 482 636 2233 1 1967 2870

1 -954 3718 15738 0 0 0 2871

1 -718 4184 13976 0 0 0 2872

2 1972 2730 0 481 633 2233 1 1950 2872

1 -694 4206 14070 0 0 0 2873

1 -798 3398 15332 0 0 0 2874

2 1877 2717 0 493 646 2250 1 1914 2874

1 -690 3038 15282 0 0 0 2875

1 -750 3460 14566 0 0 0 2876

2 1749 2727 0 491 644 2250 1 1984 2876

1 -906 3664 14174 0 0 0 2877

1 -692 3464 13978 0 0 0 2878

2 1744 2724 0 489 640 2247 1 1801 2878

1 -1252 3948 14622 0 0 0 2879

1 -694 3132 14770 0 0 0 2880

2 1653 2755 0 483 637 2246 1 1986 2880

3 875 1391 0 1 0 0 0 2880

1 -600 3962 13420 0 0 0 2881

1 -846 4656 14774 0 0 0 2882

2 1467 2778 0 480 631 2242 1 1960 2882

1 -634 3668 12582 0 0 0 2883

1 -742 4832 14912 0 0 0 2884

2 1336 2783 0 476 626 2240 1 1901 2884

1 -912 3864 12334 0 0 0 2885

1 -1258 4818 16150 0 0 0 2886

2 1336 2809 0 467 618 2237 1 1930 2886

1 -792 4798 14490 0 0 0 2887

1 -760 2810 13994 0 0 0 2888

2 1290 2814 3 464 614 2237 1 1890 2888

1 -1468 3322 15496 0 0 0 2889

1 -764 3092 12616 0 0 0 2890

2 1329 2832 23 451 596 2234 1 1982 2890

1 -914 3976 15612 0 0 0 2891

1 -1306 2896 14464 0 0 0 2892

2 1407 2847 59 422 554 2234 1 1847 2892

1 -1120 4508 15374 0 0 0 2893

1 -1356 3710 15458 0 0 0 2894

2 1481 2834 121 398 512 2258 1 2003 2894

1 -420 3662 13830 0 0 0 2895

1 -602 4378 13990 0 0 0 2896

2 1667 2898 218 371 474 2260 1 1922 2896

1 -772 3986 13946 0 0 0 2897

1 -956 3606 12062 0 0 0 2898

2 2290 2893 261 343 435 2250 1 1912 2898

1 -910 4822 16280 0 0 0 2899

1 -352 4466 13876 0 0 0 2900

2 2869 2908 295 325 410 2249 1 1945 2900

3 875 1388 0 1 0 0 0 2900

1 -1386 3614 13924 0 0 0 2901

1 -1084 3858 14512 0 0 0 2902

2 3929 2890 328 311 392 2246 1 1963 2902

1 -858 4164 14562 0 0 0 2903

1 -1374 3070 14562 0 0 0 2904

2 4588 2852 363 298 375 2248 1 1921 2904

1 -406 4116 14672 0 0 0 2905

1 -682 3330 14284 0 0 0 2906

2 4838 2796 395 285 363 2243 1 1951 2906

1 -1086 4222 14174 0 0 0 2907

1 -564 4002 14232 0 0 0 2908

2 5052 2747 421 275 351 2240 1 1961 2908

1 -1012 3886 13648 0 0 0 2909

1 -1208 3730 15430 0 0 0 2910

2 5146 2735 431 272 350 2238 1 1861 2910

1 -894 3550 15044 0 0 0 2911

1 -646 3486 13230 0 0 0 2912

2 5558 2758 437 268 345 2235 1 1955 2912

1 -920 3770 13824 0 0 0 2913

1 -778 3940 14974 0 0 0 2914

2 5635 2745 444 267 343 2233 1 1974 2914

1 -784 3618 14990 0 0 0 2915

1 -552 3848 12854 0 0 0 2916

2 5544 2755 436 277 354 2258 1 1994 2916

1 -594 3660 13450 0 0 0 2917

1 -928 4200 14792 0 0 0 2918

2 5513 2737 432 272 345 2252 1 1908 2918

1 -570 4378 14746 0 0 0 2919

1 -860 3646 14980 0 0 0 2920

2 5631 2755 441 264 337 2250 1 1962 2920

3 877 1362 0 1 0 0 0 2920

1 -1088 3460 14020 0 0 0 2921

1 -724 3826 13814 0 0 0 2922

2 5659 2765 457 263 336 2247 1 1936 2922

1 -606 3536 14284 0 0 0 2923

1 -1382 3734 14584 0 0 0 2924

2 5475 2753 453 264 340 2249 1 1927 2924

1 -1448 3370 15050 0 0 0 2925

1 -754 2954 13410 0 0 0 2926

2 5520 2776 460 259 333 2248 1 1939 2926

1 -974 3040 13734 0 0 0 2927

1 -268 3738 14610 0 0 0 2928

2 5560 2760 464 255 324 2245 1 1975 2928

1 -478 3890 14874 0 0 0 2929

1 -1344 3898 13980 0 0 0 2930

2 5499 2765 455 255 325 2243 1 1957 2930

1 -596 4200 15328 0 0 0 2931

1 -1002 4066 13868 0 0 0 2932

2 5445 2783 469 260 328 2244 1 1920 2932

1 -60 4130 13200 0 0 0 2933

1 -1026 4350 15952 0 0 0 2934

2 5424 2776 461 258 326 2245 1 1890 2934

1 -1566 4422 15620 0 0 0 2935

1 -886 3360 14030 0 0 0 2936

2 5536 2778 463 265 332 2266 1 1944 2936

1 -884 3344 14310 0 0 0 2937

1 -958 3432 13902 0 0 0 2938

2 5553 2776 469 263 330 2259 1 2047 2938

1 -1204 3222 14676 0 0 0 2939

1 -278 2818 14566 0 0 0 2940

2 5520 2776 466 264 332 2258 1 1973 2940

3 878 1362 0 1 0 0 0 2940

1 -944 2576 15162 0 0 0 2941

1 -240 2964 13954 0 0 0 2942

2 5621 2773 465 256 327 2251 1 1969 2942

1 -616 2454 14430 0 0 0 2943

1 -1502 804 17554 0 0 0 2944

2 5562 2781 466 247 320 2249 1 1951 2944

1 -856 -824 16044 0 0 0 2945

1 -1054 -3036 17770 0 0 0 2946

2 5449 2776 466 226 300 2239 1 1928 2946

1 438 -6580 19666 0 0 0 2947

1 1112 -7426 18344 0 0 0 2948

2 5139 2763 457 229 287 2208 1 1989 2948

1 1420 -9386 16066 0 0 0 2949

1 -1234 -10272 13198 0 0 0 2950

2 5129 2753 453 231 291 2158 1 1974 2950

1 -2102 -11040 10682 0 0 0 2951

1 -2206 -7984 12302 0 0 0 2952

2 5226 2781 466 222 285 2132 1 1931 2952

1 -2734 -858 20094 0 0 0 2953

1 -1972 -2582 16342 0 0 0 2954

2 5101 2798 551 219 283 2131 1 1986 2954

1 82 -1052 19330 0 0 0 2955

1 -656 -1596 18330 0 0 0 2956

2 5122 2819 572 224 249 2113 1 1951 2956

1 182 -8714 14088 0 0 0 2957

1 -658 -5032 18296 0 0 0 2958

2 5527 2819 577 234 254 2118 1 2013 2958

1 -2494 -7932 15568 0 0 0 2959

1 180 -8900 17190 0 0 0 2960

2 5306 2834 581 233 256 2092 1 2003 2960

3 878 1354 0 1 0 0 0 2960

1 -1592 -8146 15286 0 0 0 2961

1 -1252 -9362 15932 0 0 0 2962

2 5306 2839 594 231 254 2090 1 1937 2962

1 -192 -4924 18922 2 0 0 2963

1 -1940 -7840 14128 2 0 0 2964

2 5231 2827 602 232 248 2090 1 1890 2964

1 2046 -6902 15498 2 0 0 2965

1 686 -4242 16998 5 0 0 2966

2 5252 2844 610 228 248 2099 1 1914 2966

1 -1604 -8304 17138 5 0 0 2967

1 -294 -5424 19368 5 0 0 2968

2 5247 2844 627 234 249 2099 1 1998 2968

1 -928 -9504 15592 8 0 0 2969

1 1044 -8788 18136 8 0 0 2970

2 5146 2842 624 232 250 2091 1 2013 2970

1 -614 -7902 18242 8 0 0 2971

1 -1418 -11164 15514 11 0 0 2972

2 5581 2844 627 224 248 2018 1 1984 2972

1 -1228 -7216 19014 11 0 0 2973

1 -3244 -10396 15364 13 0 0 2974

2 5431 2844 638 226 248 1977 1 1941 2974

1 -628 -7460 17842 13 0 0 2975

1 -2380 -6686 17194 15 0 0 2976

2 5358 2834 643 224 247 1931 1 1933 2976

1 -4172 -9118 16234 15 0 0 2977

1 -2834 -5484 19532 15 0 0 2978

2 5534 2847 649 232 255 1895 1 1983 2978

1 -3042 -9358 15818 16 0 0 2979

1 -1770 -8370 16176 16 0 0 2980

2 5576 2857 658 231 248 1869 1 1974 2980

3 877 1346 0 1 0 0 0 2980

1 -5948 -10434 16490 18 0 0 2981

1 -5738 -10270 16312 18 0 0 2982

2 5534 2852 650 233 249 1925 1 1960 2982

1 -626 -9898 18732 19 0 0 2983

1 -1402 -10618 17580 20 0 0 2984

2 5468 2839 649 231 250 1982 1 1967 2984

1 1174 -8318 19650 21 0 0 2985

1 -394 -9160 17776 21 0 0 2986

2 5584 2844 653 232 254 2002 1 1958 2986

1 -2594 -8198 17740 22 0 0 2987

1 -1006 -7830 17968 22 0 0 2988

2 5431 2842 659 229 253 2064 1 1934 2988

1 180 -9308 17690 23 0 0 2989

1 1702 -7546 17258 25 0 0 2990

2 5586 2855 672 229 248 2155 1 1990 2990

1 994 -9866 15742 25 0 0 2991

1 1304 -9304 18372 26 0 0 2992

2 5612 2865 669 228 243 2162 1 1983 2992

1 726 -10908 18428 27 0 0 2993

1 -40 -10382 19436 27 0 0 2994

2 5275 2837 666 229 252 2140 1 1945 2994

1 1212 -11178 17102 28 0 0 2995

1 -1074 -10784 18048 28 0 0 2996

2 5306 2844 664 230 246 2125 1 1982 2996

1 152 -9314 18298 30 0 0 2997

1 336 -9610 16544 31 0 0 2998

2 5539 2837 668 226 243 2118 1 1922 2998

1 -788 -8514 15692 32 0 0 2999

1 -306 -10220 16778 32 0 0 3000

2 5612 2852 675 234 253 2133 1 1962 3000

3 878 1345 0 1 0 0 0 3000

1 516 -8600 20612 32 0 0 3001

1 176 -9144 20430 33 0 0 3002

2 5360 2857 683 229 250 2114 1 1930 3002

1 -1034 -11002 16046 35 0 0 3003

1 738 -10274 16948 36 0 0 3004

2 5374 2857 674 230 248 2086 1 1957 3004

1 -556 -10268 15530 37 0 0 3005

1 -1850 -7760 16012 37 0 0 3006

2 5419 2849 678 237 256 2075 1 1867 3006

1 -932 -8340 18372 37 0 0 3007

1 1188 -7006 19704 37 1 0 3008

2 5701 2870 691 238 256 2067 1 1899 3008

1 692 -7684 14322 39 1 0 3009

1 -2142 -4694 14642 39 1 0 3010

2 5252 2888 707 239 257 2048 1 1869 3010

1 -1892 956 12508 40 1 0 3011

1 -1580 1088 11976 40 0 0 3012

2 5056 2898 896 237 257 2024 1 1886 3012

1 -5272 8 23870 40 0 0 3013

1 -1734 -1720 20504 40 0 0 3014

2 4721 2918 913 236 257 1991 1 1924 3014

1 -4330 -758 16774 41 0 0 3015

1 -3724 -3298 21132 42 0 0 3016

2 4821 2939 912 240 254 2005 1 1989 3016

1 -2962 -9168 15788 42 0 0 3017

1 -2992 -9526 15076 42 0 0 3018

2 4674 2931 917 236 257 1986 1 1917 3018

1 -2086 -10494 16304 41 0 0 3019

1 -2202 -11794 14078 43 0 0 3020

2 4669 2936 917 234 249 1944 1 1931 3020

3 878 1359 0 1 0 0 0 3020

1 -4700 -8878 14426 45 0 0 3021

1 -3896 -8128 14236 45 0 0 3022

2 4726 2936 917 239 262 1976 1 2028 3022

1 -5610 -6208 17214 44 0 0 3023

1 -3224 -4678 18404 45 0 0 3024

2 4760 2939 917 238 259 2011 1 1956 3024

1 -3492 -4024 18452 47 0 0 3025

1 -2300 -4026 19972 47 0 0 3026

2 4764 2908 913 242 259 2028 1 1945 3026

1 -2120 -8762 16584 48 0 0 3027

1 -942 -10214 13632 48 0 0 3028

2 4714 2903 917 240 258 2020 1 1932 3028

1 -4892 -8708 16398 48 0 0 3029

1 -4262 -8622 21442 50 0 0 3030

2 4731 2908 915 238 256 2048 1 1961 3030

1 -820 -7282 16174 51 0 0 3031

1 -1092 -6178 17464 51 0 0 3032

2 4852 2883 913 236 257 2105 1 1958 3032

1 114 -6116 18042 51 0 0 3033

1 -2822 -6394 16992 52 0 0 3034

2 4995 2898 917 234 251 2128 1 1934 3034

1 1198 -11638 10800 53 0 0 3035

1 1042 -10868 13104 53 0 0 3036

2 4971 2890 914 237 257 2141 1 1961 3036

1 624 -7194 19022 52 0 0 3037

1 -1730 -6028 17962 53 0 0 3038

2 4829 2880 912 232 248 2119 1 1976 3038

1 -1604 -3194 19328 56 0 0 3039

1 552 -6720 14388 56 0 0 3040

2 5141 2888 939 229 247 2123 1 1946 3040

3 879 1344 0 1 0 0 0 3040

1 -2536 -7712 18146 56 0 0 3041

1 -2718 -8128 17294 57 0 0 3042

2 5172 2898 939 235 252 2136 1 1895 3042

1 22 -8636 16126 58 0 0 3043

1 4652 -9360 17088 58 0 0 3044

2 4981 2898 938 236 253 2124 1 2016 3044

1 4530 -5348 18310 57 0 0 3045

1 -1030 -5464 18650 60 0 0 3046

2 4979 2898 938 235 251 2124 1 1946 3046

1 4282 -3852 21070 60 0 0 3047

1 1358 -6766 16416 61 0 0 3048

2 5162 2901 948 235 257 2137 1 2012 3048

1 -4 -6702 16856 59 0 0 3049

1 238 -7832 17060 62 0 0 3050

2 5085 2901 951 231 250 2130 1 2002 3050

1 3332 -7032 14622 63 0 0 3051

1 2402 -6784 15840 61 0 0 3052

2 5005 2890 952 232 249 2128 1 1971 3052

1 -1132 -3814 19768 63 0 0 3053

1 -474 -3336 19292 64 0 0 3054

2 5172 2885 955 226 245 2113 1 1952 3054

1 690 -6166 17304 65 0 0 3055

1 -2202 -7510 14022 63 0 0 3056

2 5329 2885 958 226 245 2117 1 1933 3056

1 4606 -6216 19132 65 0 0 3057

1 -3670 -6204 16524 66 1 0 3058

2 5386 2888 953 230 250 2113 1 1836 3058

1 2302 -2092 8130 66 1 0 3059

1 -1782 4010 11778 66 1 0 3060

2 5391 2923 1000 229 250 2064 1 1902 3060

3 881 1359 0 1 0 0 0 3060

1 -5082 1034 18756 67 1 0 3061

1 -8464 -524 14834 66 1 0 3062

2 5118 2934 1000 233 254 2001 1 1892 3062

1 -4614 1218 9470 65 1 0 3063

1 -5116 4088 14090 67 0 0 3064

2 5146 2916 1000 241 260 2040 1 1941 3064

1 -2846 6908 15334 67 0 0 3065

1 -292 8294 18808 67 0 0 3066

2 4886 2913 1000 234 256 2111 1 1965 3066

1 -3812 4830 13640 65 0 0 3067

1 224 1456 24896 67 0 0 3068

2 5038 2888 1000 235 250 2083 1 2008 3068

1 102 -10458 12994 65 0 0 3069

1 -2382 -7668 18358 66 0 0 3070

2 5054 2903 1000 234 256 2082 1 1922 3070

1 4188 -9078 20176 69 0 0 3071

1 -126 -6398 16362 69 0 0 3072

2 5002 2908 1000 240 256 2115 1 1961 3072

1 -2554 -8398 11816 67 0 0 3073

1 -1676 -6892 13432 70 0 0 3074

2 4805 2906 1000 236 253 2102 1 1954 3074

1 1596 -3850 16432 70 0 0 3075

1 -2002 -2036 16004 70 0 0 3076

2 4929 2911 1000 234 255 2121 1 2002 3076

1 34 -1264 21310 69 0 0 3077

1 -1140 -4068 16736 72 0 0 3078

2 5115 2906 1000 233 249 2113 1 1930 3078

1 -1274 -8180 14648 70 0 0 3079

1 2652 -7770 14356 73 0 0 3080

2 5118 2921 1000 231 248 2116 1 1982 3080

3 881 1346 0 1 0 0 0 3080

1 578 -5562 13142 74 0 0 3081

1 268 -4718 14776 73 0 0 3082

2 4971 2916 1000 225 243 2118 1 1909 3082

1 1684 -3580 15888 72 0 0 3083

1 -924 -1172 18662 75 0 0 3084

2 5045 2913 1000 235 250 2156 1 1951 3084

1 166 -3216 17732 75 0 0 3085

1 2196 -4216 15484 73 0 0 3086

2 5125 2918 1000 235 254 2149 1 1963 3086

1 -382 -6532 13366 76 0 0 3087

1 784 -6712 12396 74 0 0 3088

2 5188 2921 1000 234 257 2117 1 1987 3088

1 1952 -3644 14190 77 0 0 3089

1 -1634 -2126 17386 78 0 0 3090

2 4943 2921 1000 235 253 2076 1 1963 3090

1 -4066 -1742 17332 77 0 0 3091

1 -1846 -1172 18674 76 0 0 3092

2 5059 2901 1000 234 250 2075 1 1975 3092

1 -2154 -4826 14886 79 0 0 3093

1 142 -6632 13198 78 0 0 3094

2 5000 2908 1000 234 254 2073 1 1995 3094

1 -1082 -4664 16578 77 0 0 3095

1 -2358 -1834 17280 80 0 0 3096

2 5087 2903 1000 228 246 2076 1 1958 3096

1 -2946 -3132 14628 79 0 0 3097

1 -2030 -4504 14798 81 0 0 3098

2 5028 2890 1000 233 249 2065 1 1951 3098

1 -3536 -3482 17322 81 0 0 3099

1 -1644 -2846 16734 79 0 0 3100

2 5118 2898 1000 229 247 2057 1 1826 3100

3 884 1344 0 1 0 0 0 3100

1 -1282 888 12496 82 1 0 3101

1 -1174 828 12190 82 1 0 3102

2 5139 2908 1000 230 248 2066 1 1889 3102

1 -4138 3596 9940 79 1 0 3103

1 -2724 4898 14064 82 1 0 3104

2 5176 2926 1000 229 248 2053 1 1894 3104

1 -2244 6944 19132 82 0 0 3105

1 -4128 4996 15122 79 1 0 3106

2 5101 2926 1000 244 260 2045 1 1960 3106

1 -1886 5662 15122 82 0 0 3107

1 -1648 5296 13928 79 0 0 3108

2 4981 2895 799 300 270 2047 1 2007 3108

1 -4366 5856 13902 80 0 0 3109

1 -3246 5572 15400 82 0 0 3110

2 5176 2847 378 373 333 2039 1 1970 3110

1 -3468 -4576 17724 81 0 0 3111

1 -2284 -2312 15968 79 0 0 3112

2 5002 2702 121 408 340 2029 1 2001 3112

1 -6012 -1644 5734 82 0 0 3113

1 -2692 4216 4468 81 0 0 3114

2 4921 2587 106 595 534 2045 1 1919 3114

1 -3890 11810 17048 79 0 0 3115

1 -1828 11618 12920 82 0 0 3116

2 5118 2513 98 759 718 2050 1 1930 3116

1 -5430 14748 8526 78 0 0 3117

1 -3956 15520 11080 80 0 0 3118

2 5169 2490 94 686 646 2043 1 1913 3118

1 -4502 17706 14474 79 0 0 3119

1 -626 17440 16180 76 0 0 3120

2 5056 2477 95 791 718 2058 1 1946 3120

3 882 1363 0 1 0 0 0 3120

1 -2028 14804 11284 79 0 0 3121

1 -3018 14892 12338 78 0 0 3122

2 4879 2454 89 753 736 2052 1 1938 3122

1 -696 15498 14344 75 0 0 3123

1 -7998 16390 13700 77 0 0 3124

2 4976 2462 88 652 660 2056 1 1930 3124

1 1038 15008 14090 77 0 0 3125

1 -586 13918 9724 74 0 0 3126

2 5122 2446 77 484 637 2076 1 1948 3126

1 -3692 12296 8958 75 0 0 3127

1 -6630 11992 15096 74 0 0 3128

2 5115 2428 76 333 466 2060 1 1963 3128

1 -516 11732 14250 72 0 0 3129

1 -7036 12342 14130 74 0 0 3130

2 4924 2444 72 299 347 2047 1 1978 3130

1 -5012 9222 9744 75 0 0 3131

1 -2368 6820 7916 71 0 0 3132

2 4824 2431 68 304 401 2012 1 1875 3132

1 -5984 9552 14180 71 0 0 3133

1 -7094 8922 13476 73 0 0 3134

2 4924 2431 65 292 366 1984 1 1990 3134

1 -5486 8348 10800 72 0 0 3135

1 -8130 9040 11948 72 0 0 3136

2 4976 2421 62 303 345 1971 1 1911 3136

1 -9230 9572 14104 72 0 0 3137

1 -9134 9180 11540 71 0 0 3138

2 4983 2423 56 305 390 1965 1 1958 3138

1 -7936 9280 11790 69 0 0 3139

1 -9332 10980 15086 71 0 0 3140

2 4736 2421 53 285 345 1988 1 1899 3140

3 883 1369 0 1 0 0 0 3140

1 -7440 8136 10580 71 0 0 3141

1 -6498 6402 7248 68 0 0 3142

2 4743 2415 53 312 383 2004 1 1913 3142

1 -5706 7190 7048 70 0 0 3143

1 -6340 8260 10636 70 0 0 3144

2 4879 2413 47 278 361 2002 1 1912 3144

1 -9722 11498 18848 69 0 0 3145

1 -8068 9828 15792 69 0 0 3146

2 4895 2418 45 236 281 2010 1 1865 3146

1 140 8888 13218 70 0 0 3147

1 -3342 6334 8838 67 0 0 3148

2 4895 2413 39 251 316 2034 1 1941 3148

1 -6250 7896 13066 67 0 0 3149

1 -7748 8630 16726 69 0 0 3150

2 4798 2413 33 252 284 2031 1 1913 3150

1 -5960 6358 15448 69 0 0 3151

1 -7650 6066 12958 66 0 0 3152

2 4783 2405 33 262 324 2030 1 1968 3152

1 -6782 6670 16984 68 0 0 3153

1 -2294 5152 15772 68 0 0 3154

2 4831 2395 25 271 305 2018 1 1957 3154

1 -6928 4478 10170 66 0 0 3155

1 -6714 4230 9704 67 0 0 3156

2 4850 2395 24 318 319 2022 1 1943 3156

1 -1680 5418 10988 67 0 0 3157

1 -8410 9214 15828 67 0 0 3158

2 4824 2392 22 379 421 2045 1 1887 3158

1 -3888 12918 13272 65 0 0 3159

1 -2950 11964 13326 67 0 0 3160

2 4771 2395 17 393 422 2106 1 1964 3160

3 883 1380 0 1 0 0 0 3160

1 -1264 6402 4892 67 0 0 3161

1 -2176 7472 5732 66 0 0 3162

2 4710 2390 17 461 490 2153 1 1900 3162

1 546 12030 16252 64 0 0 3163

1 2696 11104 16554 66 0 0 3164

2 4764 2392 12 481 507 2154 1 1912 3164

1 11546 13228 17176 63 0 0 3165

1 3100 15198 16846 64 0 0 3166

2 4755 2392 11 459 512 2168 1 1938 3166

1 7292 10870 11904 66 0 0 3167

1 3774 11634 14118 65 0 0 3168

2 4793 2395 12 522 562 2184 1 1957 3168

1 7806 10800 12776 63 0 0 3169

1 6106 10144 12078 62 0 0 3170

2 4733 2405 11 456 495 2185 1 1980 3170

1 10256 8878 11764 64 0 0 3171

1 6588 10150 10586 63 0 0 3172

2 4574 2400 11 429 526 2169 1 1930 3172

1 5786 9840 12918 61 0 0 3173

1 6138 10996 12970 61 0 0 3174

2 4624 2408 5 405 458 2175 1 1998 3174

1 11216 11234 15368 62 0 0 3175

1 2854 10850 14340 61 0 0 3176

2 4710 2410 0 394 503 2158 1 1928 3176

1 3298 10504 11326 60 0 0 3177

1 282 11186 14560 61 0 0 3178

2 4669 2410 0 387 453 2150 1 1957 3178

1 3700 6842 8070 61 0 0 3179

1 1448 8588 10584 60 0 0 3180

2 4686 2410 0 404 496 2142 1 1882 3180

3 884 1384 0 1 0 0 0 3180

1 -106 10558 14104 58 0 0 3181

1 3320 10334 13408 59 0 0 3182

2 4621 2415 0 362 443 2148 1 1951 3182

1 6796 10184 15486 59 0 0 3183

1 3176 7416 11158 57 0 0 3184

2 4524 2410 0 418 498 2137 1 1906 3184

1 3248 9858 14320 59 0 0 3185

1 4598 8014 14216 59 0 0 3186

2 4526 2418 0 379 445 2135 1 1874 3186

1 4210 5746 10530 58 0 0 3187

1 3314 7352 12110 56 0 0 3188

2 4555 2418 0 419 498 2134 1 1953 3188

1 3308 8516 14508 56 0 0 3189

1 4876 8848 15198 58 0 0 3190

2 4526 2415 0 393 462 2147 1 1939 3190

1 2648 7040 11382 57 0 0 3191

1 2562 8336 11590 57 0 0 3192

2 4564 2413 0 445 510 2146 1 1997 3192

1 4540 7772 12820 56 0 0 3193

1 4398 9470 16008 57 0 0 3194

2 4491 2413 0 412 471 2127 1 1908 3194

1 2278 7782 13902 56 0 0 3195

1 2772 7876 13270 54 0 0 3196

2 4416 2410 0 462 522 2110 1 1957 3196

1 650 7952 11794 54 0 0 3197

1 3628 7672 12786 56 0 0 3198

2 4444 2415 0 463 504 2088 1 1876 3198

1 938 8522 12260 55 0 0 3199

1 1032 6798 9612 55 0 0 3200

2 4477 2418 0 614 621 2038 1 1944 3200

3 884 1382 0 1 0 0 0 3200

1 -784 10996 13892 53 0 0 3201

1 2422 11282 16254 54 0 0 3202

2 4400 2421 0 574 601 2007 1 1897 3202

1 -86 12398 16176 54 0 0 3203

1 -3448 10830 13410 53 0 0 3204

2 4474 2415 0 603 662 2002 1 1931 3204

1 -2856 10720 10764 51 0 0 3205

1 -510 8958 10258 52 0 0 3206

2 4409 2418 0 518 607 2003 1 1951 3206

1 1368 8616 13556 52 0 0 3207

1 -2508 9208 15358 52 0 0 3208

2 4381 2423 0 456 607 1998 1 1877 3208

1 -4438 9138 13486 51 0 0 3209

1 -1250 11414 17924 50 0 0 3210

2 4326 2418 0 448 573 2017 1 1983 3210

1 -2358 8710 12932 51 0 0 3211

1 -3670 7996 12390 51 0 0 3212

2 4340 2418 0 474 532 1977 1 1855 3212

1 -3340 8248 11082 50 0 0 3213

1 -5512 7922 12456 48 0 0 3214

2 4177 2426 0 490 603 1967 1 1983 3214

1 -1630 8750 12220 49 0 0 3215

1 -9344 8558 12440 50 0 0 3216

2 4135 2436 0 551 573 1968 1 1930 3216

1 -6760 8934 10744 49 0 0 3217

1 -8014 11534 13780 48 0 0 3218

2 3893 2449 0 540 620 1962 1 1979 3218

1 -5124 13214 15222 47 0 0 3219

1 -4300 12248 10992 48 0 0 3220

2 3692 2472 0 560 597 1963 1 1877 3220

3 884 1382 0 1 0 0 0 3220

1 -7692 10938 10944 48 0 0 3221

1 -7626 12310 12714 47 0 0 3222

2 3538 2508 0 596 672 1963 1 1983 3222

1 -8018 12456 13516 45 0 0 3223

1 -4630 12410 13324 45 0 0 3224

2 3479 2520 0 577 676 1987 1 1921 3224

1 -2868 13012 11296 46 0 0 3225

1 -3294 12428 11758 46 0 0 3226

2 3450 2543 0 576 615 1987 1 1915 3226

1 -1854 10820 13666 46 0 0 3227

1 -2096 11978 13504 45 0 0 3228

2 3276 2571 0 511 636 2024 1 1982 3228

1 -140 8360 10686 43 0 0 3229

1 -672 11456 14996 43 1 0 3230

2 2921 2592 0 487 551 2021 1 1864 3230

1 -2046 10506 15012 44 1 0 3231

1 -4054 10766 14484 44 1 0 3232

2 2583 2607 0 442 579 2010 1 1878 3232

1 -932 9034 13188 43 1 0 3233

1 -2008 8798 13000 42 1 0 3234

2 2202 2643 0 407 568 2003 1 1895 3234

1 812 8648 11872 42 1 0 3235

1 -1492 8114 11702 43 1 0 3236

2 2055 2633 0 416 476 2011 1 1965 3236

1 -3182 7832 10214 43 1 0 3237

1 -246 7734 11792 42 1 0 3238

2 1800 2666 0 407 516 2022 1 1959 3238

1 -2696 8106 14544 42 1 0 3239

1 12 8516 16316 41 1 0 3240

2 1469 2689 0 355 465 2023 1 1864 3240

3 885 1394 0 1 0 0 0 3240

1 -3054 7436 14786 41 1 0 3241

1 -1448 5964 10368 42 1 0 3242

2 1260 2724 0 370 428 2014 1 1864 3242

1 -2326 5784 11852 41 1 0 3243

1 -3398 9136 13696 41 1 0 3244

2 1086 2750 0 314 432 2026 1 1983 3244

1 -730 9578 16842 40 1 0 3245

1 -1854 8236 14496 40 1 0 3246

2 895 2778 0 304 390 2029 1 2020 3246

1 -3070 5218 13318 41 1 0 3247

1 -5750 4430 10406 41 1 0 3248

2 683 2801 0 284 345 2022 1 1948 3248

1 -306 5758 13308 40 1 0 3249

1 -1770 7102 13918 40 1 0 3250

2 405 2837 0 267 353 2059 1 1844 3250

1 -2012 5584 12956 39 1 0 3251

1 -14 5418 13478 40 1 0 3252

2 163 2885 0 285 343 2131 1 1954 3252

1 -1446 6616 14436 40 1 0 3253

1 -702 5860 15264 40 1 0 3254

2 46 2903 0 305 341 2132 1 2271 3254

1 1216 5416 13452 39 1 0 3255

1 -808 6744 13966 38 1 0 3256

2 65382 2939 0 330 399 2130 1 2344 3256

1 1026 7004 13934 39 1 0 3257

1 2310 6316 12854 39 1 0 3258

2 65236 2964 0 423 455 2153 1 2453 3258

1 378 6796 11986 39 1 0 3259

1 1768 7286 12972 39 1 0 3260

2 65116 2967 0 506 539 2162 1 2352 3260

3 885 1296 0 1 0 0 0 3260

1 736 10480 15864 39 1 0 3261

1 260 10732 16380 39 1 0 3262

2 65116 2967 0 539 612 2147 1 2349 3262

1 -556 10484 14952 39 1 0 3263

1 2582 9396 11784 39 1 0 3264

2 65116 2967 0 638 606 2151 1 2353 3264

1 728 9040 8976 39 0 0 3265

1 1110 10078 11336 39 0 0 3266

2 65116 2967 0 706 693 2154 1 2400 3266

1 416 12798 14044 39 0 0 3267

1 2262 12614 14842 39 0 0 3268

2 65116 2967 0 637 708 2136 1 2404 3268

1 -360 11826 12356 39 0 0 3269

1 1768 11018 11392 39 0 0 3270

2 65116 2967 0 643 668 2152 1 2368 3270

1 1492 10622 10898 39 0 0 3271

1 2346 10192 12340 39 0 0 3272

2 65116 2967 0 562 628 2138 1 2377 3272

1 1496 11508 14498 39 0 0 3273

1 340 11162 14754 39 0 0 3274

2 65116 2967 0 464 600 2131 1 2353 3274

1 2152 9792 13054 39 0 0 3275

1 76 9148 12418 39 0 0 3276

2 65116 2967 0 436 561 2137 1 2436 3276

1 2794 8690 12276 39 0 0 3277

1 424 9366 12824 39 0 0 3278

2 65116 2967 0 437 497 2122 1 2332 3278

1 720 9160 14706 39 1 0 3279

1 70 8828 12994 39 1 0 3280

2 65116 2967 0 464 568 2108 1 2427 3280

3 885 1296 0 1 0 0 0 3280

1 1882 9164 13826 39 1 0 3281

1 1922 9618 13890 39 1 0 3282

2 65116 2967 0 453 581 2085 1 2338 3282

1 -1452 10222 14518 39 1 0 3283

1 -1884 10372 14840 39 1 0 3284

2 65116 2967 0 504 569 2082 1 2434 3284

1 616 8652 11250 39 1 0 3285

1 -454 7714 10276 39 1 0 3286

2 65116 2967 0 494 533 2071 1 2381 3286

1 -654 9164 13708 39 1 0 3287

1 280 9894 14174 39 1 0 3288

2 65116 2967 0 434 569 2064 1 2365 3288

1 2226 9908 15150 39 1 0 3289

1 76 9622 14126 39 1 0 3290

2 65116 2967 0 418 564 2075 1 2423 3290

1 -26 7894 11324 39 1 0 3291

1 -1814 7992 12186 39 1 0 3292

2 65116 2967 0 441 505 2079 1 2371 3292

1 -858 9370 12852 39 1 0 3293

1 -1254 9770 14974 39 1 0 3294

2 65116 2967 0 424 492 2072 1 2456 3294

1 -446 7998 12324 39 1 0 3295

1 238 7270 11402 39 1 0 3296

2 65116 2967 0 377 516 2031 1 2348 3296

1 -528 7774 13648 39 1 0 3297

1 -366 7818 13890 39 1 0 3298

2 65116 2967 0 366 499 2026 1 2430 3298

1 -622 7672 13902 39 1 0 3299

1 -662 7554 13222 39 1 0 3300

2 65116 2967 0 343 427 2033 1 2357 3300

3 885 1296 0 1 0 0 0 3300

1 -122 6740 13820 39 1 0 3301

1 76 6808 13928 39 1 0 3302

2 65116 2967 0 279 344 2031 1 2354 3302

1 -1688 6172 14400 39 1 0 3303

1 -1112 6044 14616 39 1 0 3304

2 65116 2967 0 245 323 2035 1 2339 3304

1 -278 4526 12376 39 1 0 3305

1 -950 4784 12918 39 1 0 3306

2 65116 2967 0 240 302 2041 1 2400 3306

1 -1218 5702 14722 39 1 0 3307

1 -1394 5976 14842 26 1 0 3308

2 65063 2980 0 268 304 2076 1 2424 3308

1 -2644 5002 13918 26 1 0 3309

1 -814 4762 14274 26 1 0 3310

2 65063 2980 0 286 303 2072 1 2366 3310

1 -1586 6680 10000 26 1 0 3311

1 1224 7648 12460 26 1 0 3312

2 65063 2980 0 297 341 2106 1 2447 3312

1 -1936 6710 16584 26 1 0 3313

1 -556 7380 15810 26 1 0 3314

2 65063 2980 0 305 376 2114 1 2344 3314

1 -904 4636 14478 26 1 0 3315

1 526 4174 11624 26 1 0 3316

2 65063 2980 0 296 379 2108 1 2418 3316

1 474 5024 11644 26 1 0 3317

1 -2472 5578 13028 26 1 0 3318

2 65063 2980 0 307 345 2109 1 2336 3318

1 1112 7480 13558 26 1 0 3319

1 550 6442 13706 26 1 0 3320

2 65063 2980 0 339 353 2142 1 2453 3320

3 885 1278 0 1 0 0 0 3320

1 614 6172 14910 26 0 0 3321

1 424 6166 15366 26 0 0 3322

2 65063 2980 0 336 386 2161 1 2371 3322

1 464 5956 13880 26 0 0 3323

1 816 5814 13390 26 0 0 3324

2 65063 2980 0 340 393 2140 1 2343 3324

1 -426 6936 15858 26 0 0 3325

1 -946 7510 16238 26 0 0 3326

2 65063 2980 0 389 429 2182 1 2379 3326

1 272 7100 13016 26 0 0 3327

1 430 6672 12242 26 1 0 3328

2 65063 2980 0 389 409 2165 1 2363 3328

1 156 7484 13972 26 1 0 3329

1 182 7392 13698 26 1 0 3330

2 65063 2980 0 432 460 2187 1 2431 3330

1 396 7168 12748 26 1 0 3331

1 608 7788 13464 26 1 0 3332

2 65063 2980 0 453 524 2194 1 2390 3332

1 1534 8072 13334 26 1 0 3333

1 1346 8424 13064 26 1 0 3334

2 65063 2980 0 440 512 2175 1 2427 3334

1 -1440 8472 13482 26 1 0 3335

1 -846 8930 14060 26 1 0 3336

2 65063 2980 0 473 505 2205 1 2339 3336

1 48 9850 14968 26 1 0 3337

1 180 9484 14230 26 1 0 3338

2 65063 2980 0 434 451 2242 1 2426 3338

1 1482 7650 12248 26 1 0 3339

1 2100 6988 11198 26 1 0 3340

2 65063 2980 0 421 437 2316 1 2341 3340

3 885 1278 0 1 0 0 0 3340

1 4626 7608 13330 26 1 0 3341

1 4546 7850 13978 26 1 0 3342

2 65063 2980 0 367 462 2391 1 2432 3342

1 5928 8132 14146 26 1 0 3343

1 5744 8240 13716 26 1 0 3344

2 65063 2980 0 337 430 2499 1 2386 3344

1 6080 7808 14430 26 1 0 3345

1 5482 7286 14588 26 1 0 3346

2 65063 2980 0 293 367 2541 1 2411 3346

1 6386 6796 13780 26 1 0 3347

1 5390 6618 13208 26 0 0 3348

2 65063 2980 0 288 353 2601 1 2359 3348

1 5260 7148 14244 26 0 0 3349

1 6426 7632 15548 26 0 0 3350

2 65063 2980 0 306 328 2677 1 2361 3350

1 7886 7058 13656 26 0 0 3351

1 8062 6532 14040 26 0 0 3352

2 65063 2980 0 266 324 2743 1 2410 3352

1 7926 6284 13198 26 0 0 3353

1 7360 6474 13152 26 0 0 3354

2 65063 2980 0 280 388 2830 1 2362 3354

1 8914 7814 14266 26 0 0 3355

1 8442 8240 14858 26 0 0 3356

2 65073 2985 0 296 387 2884 1 2452 3356

1 6526 8672 15486 20 0 0 3357

1 8586 8208 15078 20 0 0 3358

2 65073 2985 0 292 359 2892 1 2342 3358

1 6252 7438 12588 20 0 0 3359

1 5624 7590 13228 20 0 0 3360

2 65073 2985 0 277 374 2956 1 2426 3360

3 885 1261 0 1 0 0 0 3360

1 8876 8922 16188 20 0 0 3361

1 9446 8972 15960 20 0 0 3362

2 65073 2985 0 310 348 3051 1 2332 3362

1 10450 7972 13398 20 0 0 3363

1 9910 7508 12048 20 0 0 3364

2 65073 2985 0 296 342 3161 1 2456 3364

1 9576 7790 13098 20 0 0 3365

1 9916 8314 13592 20 0 0 3366

2 65073 2985 0 276 374 3249 1 2332 3366

1 12170 8618 11988 20 0 0 3367

1 12190 9622 12604 20 0 0 3368

2 65073 2985 0 277 366 3361 1 2328 3368

1 12874 11546 16768 20 0 0 3369

1 12754 10560 14358 20 0 0 3370

2 65073 2985 0 295 345 3470 1 2421 3370

1 11840 10354 14546 20 0 0 3371

1 10752 10222 14266 20 0 0 3372

2 65073 2985 0 281 328 3551 1 2362 3372

1 10370 8800 12176 20 0 0 3373

1 10176 8304 11124 20 0 0 3374

2 65073 2985 0 269 321 3662 1 2444 3374

1 11918 9362 12302 20 0 0 3375

1 12236 10234 13132 20 0 0 3376

2 65073 2985 0 256 308 3696 1 2342 3376

1 10586 10488 13266 20 0 0 3377

1 8856 9874 12394 20 0 0 3378

2 65073 2985 0 242 306 3689 1 2428 3378

1 8420 9672 13186 20 0 0 3379

1 9880 9714 13846 20 0 0 3380

2 65073 2985 0 245 302 3716 1 2366 3380

3 885 1261 0 1 0 0 0 3380

1 9090 10900 16938 20 0 0 3381

1 7902 10532 16066 20 0 0 3382

2 65073 2985 0 242 285 3721 1 2457 3382

1 6600 8414 12202 20 0 0 3383

1 5838 8186 12622 20 0 0 3384

2 65073 2985 0 248 272 3711 1 2357 3384

1 4430 7980 12464 20 0 0 3385

1 5332 9008 14586 20 0 0 3386

2 65073 2985 0 239 268 3706 1 2439 3386

1 7966 8384 12634 20 0 0 3387

1 7658 8038 11886 20 0 0 3388

2 65073 2985 0 244 267 3699 1 2362 3388

1 6046 9110 14168 20 0 0 3389

1 5678 10736 11726 20 0 0 3390

2 65073 2985 0 260 289 3717 1 2399 3390

1 7792 15302 15130 20 0 0 3391

1 6622 14822 17858 20 0 0 3392

2 65073 2985 0 245 284 3702 1 2436 3392

1 5340 11710 15122 20 0 0 3393

1 406 12384 10256 20 0 0 3394

2 65073 2985 0 235 270 3685 1 2346 3394

1 1220 12116 12268 20 0 0 3395

1 2288 11980 11292 20 0 0 3396

2 65073 2985 0 233 263 3684 1 2422 3396

1 2428 11210 11340 20 0 0 3397

1 3930 11342 11570 20 0 0 3398

2 65073 2985 0 246 268 3684 1 2342 3398

1 6282 12614 11966 20 0 0 3399

1 4160 12834 12336 20 0 0 3400

2 65073 2985 0 243 272 3685 1 2440 3400

3 885 1261 0 1 0 0 0 3400

1 -3854 10994 13890 20 0 0 3401

1 -5442 10714 13788 20 0 0 3402

2 65073 2985 0 250 281 3686 1 2359 3402

1 -266 10444 11660 20 0 0 3403

1 2196 11474 11744 20 0 0 3404

2 65073 2985 0 249 277 3632 1 2448 3404

1 3540 12652 13644 14 0 0 3405

1 -1036 12072 14304 14 0 0 3406

2 65060 2982 105 247 281 3606 1 2350 3406

1 -2322 11484 12890 14 0 0 3407

1 -2108 11306 12300 14 0 0 3408

2 65060 2982 105 247 286 3607 1 2414 3408

1 -990 11242 11986 14 0 0 3409

1 -100 11212 13296 14 0 0 3410

2 65060 2982 105 248 281 3606 1 2393 3410

1 -276 12066 11750 14 0 0 3411

1 -1176 11930 11632 14 0 0 3412

2 65060 2982 105 247 284 3606 1 2359 3412

1 -4258 11224 11630 14 0 0 3413

1 -3398 10784 11680 14 0 0 3414

2 65060 2982 105 247 278 3601 1 2431 3414

1 -2040 11534 10880 14 0 0 3415

1 -98 11076 10310 14 0 0 3416

2 65060 2982 105 242 276 3600 1 2341 3416

1 -4222 12610 15822 14 0 0 3417

1 -4436 12644 14908 14 0 0 3418

2 65060 2982 105 244 280 3596 1 2426 3418

1 -2376 11318 8858 14 0 0 3419

1 -3606 11972 12144 14 0 0 3420

2 65060 2982 105 244 281 3599 1 2334 3420

3 885 1253 0 1 0 0 0 3420

1 -3724 11970 11816 14 0 0 3421

1 -3260 11574 10904 14 0 0 3422

2 65060 2982 105 250 291 3617 1 2463 3422

1 -4982 12186 13206 14 0 0 3423

1 -5544 12210 14060 14 0 0 3424

2 65060 2982 105 248 286 3612 1 2376 3424

1 -3294 11736 10342 14 0 0 3425

1 -4004 11606 10474 14 0 0 3426

2 65060 2982 105 250 283 3621 1 2450 3426

1 -6706 11400 13834 14 0 0 3427

1 -4842 11162 13892 14 0 0 3428

2 65060 2982 105 250 291 3616 1 2382 3428

1 -3288 9956 12204 14 0 0 3429

1 -1944 9362 12354 14 0 0 3430

2 65060 2982 105 246 277 3613 1 2398 3430

1 -1900 8042 13460 14 0 0 3431

1 -2866 7108 14028 14 0 0 3432

2 65060 2982 105 244 275 3608 1 2413 3432

1 -3062 5368 14628 14 0 0 3433

1 -1536 4572 14672 14 0 0 3434

2 65060 2982 105 250 284 3606 1 3844 3434

1 480 3874 14138 14 0 0 3435

1 590 3626 13820 14 0 0 3436

2 65060 2982 105 247 280 3603 1 3839 3436

1 -286 3184 13760 14 0 0 3437

1 -1008 3108 13832 14 0 0 3438

2 65060 2982 105 247 278 3598 1 3834 3438

1 -1060 2936 14622 14 0 0 3439

1 -948 2624 15350 14 0 0 3440

2 65060 2982 105 250 283 3600 1 3835 3440

3 885 1253 0 1 0 0 0 3440

1 1300 -1074 17474 14 0 0 3441

1 1704 -1678 17738 14 0 0 3442

2 65060 2982 105 257 287 3618 1 3865 3442

1 3234 -4020 16724 14 0 0 3443

1 4022 -4548 15882 14 0 0 3444

2 65060 2982 105 246 279 3614 1 3865 3444

1 3566 -4570 14478 14 0 0 3445

1 2250 -3766 13848 14 0 0 3446

2 65060 2982 105 251 272 3608 1 3862 3446

1 672 -668 13194 14 0 0 3447

1 -8 1592 13500 14 0 0 3448

2 65060 2982 105 253 279 3596 1 3858 3448

1 -710 4314 14876 14 0 0 3449

1 -1264 4792 15280 14 0 0 3450

2 65060 2982 105 251 277 3579 1 3847 3450

1 -1756 4664 14982 14 0 0 3451

1 -1202 4616 14782 14 0 0 3452

2 65060 2982 105 256 281 3581 1 3850 3452

1 -854 4558 14674 9 0 0 3453

1 -1076 4442 14440 9 0 0 3454

2 65124 2923 36 262 282 3577 1 3846 3454

1 -1682 4226 14060 9 0 0 3455

1 -1822 4198 14184 9 0 0 3456

2 65124 2923 36 255 275 3567 1 3837 3456

1 -1224 4538 14490 9 0 0 3457

1 -664 4588 14354 9 0 0 3458

2 65124 2923 36 252 268 3564 1 2440 3458

1 -424 4588 13992 9 0 0 3459

1 -844 4568 13976 9 0 0 3460

2 65124 2923 36 263 274 3556 1 2361 3460

3 885 985 0 1 0 0 0 3460

1 -1422 4772 14214 9 0 0 3461

1 -1442 4820 14156 9 0 0 3462

2 65124 2923 36 284 288 3552 1 2338 3462

1 -1196 5114 14070 9 0 0 3463

1 -1422 5226 14188 9 0 0 3464

2 65124 2923 36 323 332 3585 1 2367 3464

